b'320,290,290,285,287,264,263,252,263,264,268,250,274,250,237,246,234,231,242,250,\r\n'b'319,290,290,285,287,263,263,252,263,264,268,250,274,250,237,246,234,231,242,250,\r\n'b'319,290,290,285,286,264,263,252,263,264,268,250,274,250,237,246,234,231,242,250,\r\n'b'320,290,290,285,286,263,263,252,263,264,268,250,274,250,237,246,234,231,242,250,\r\n'b'319,290,290,285,287,263,263,252,263,264,268,250,274,250,237,246,234,231,242,250,\r\n'b'319,290,290,285,286,264,263,252,263,264,268,251,274,250,237,246,234,231,242,250,\r\n'b'319,290,290,285,287,263,263,252,263,264,268,250,274,250,237,246,234,231,241,250,\r\n'b'320,290,290,285,287,263,263,252,263,264,268,250,274,250,237,246,234,231,242,251,\r\n'b'319,290,290,285,287,263,263,252,263,264,259,249,273,251,237,245,234,231,241,249,\r\n'b'319,290,290,285,287,263,263,252,263,264,268,250,269,253,237,245,233,231,241,243,\r\n'b'320,290,290,285,287,263,263,252,263,264,268,248,170,252,237,246,235,230,239,241,\r\n'b'320,290,290,285,287,263,263,252,263,264,268,246,264,253,237,244,234,233,240,242,\r\n'b'319,290,290,285,287,264,263,252,263,264,268,249,104,252,236,245,234,232,239,240,\r\n'b'319,290,290,285,287,263,263,252,263,264,268,250,60,250,235,244,233,232,239,238,\r\n'b'319,290,290,285,287,263,263,252,263,264,268,249,55,251,234,243,231,232,239,238,\r\n'b'319,290,290,285,287,263,263,252,263,264,268,249,44,251,234,243,231,232,239,238,\r\n'b'320,291,290,285,287,263,263,252,263,264,268,248,35,250,234,241,230,231,239,236,\r\n'b'320,290,290,285,287,263,263,252,263,264,268,248,36,250,234,241,230,231,239,236,\r\n'b'320,290,290,285,287,264,263,252,263,264,268,248,34,250,234,241,230,231,239,236,\r\n'b'319,290,290,285,287,263,263,252,263,264,268,248,34,250,234,241,230,231,239,236,\r\n'b'320,290,290,285,287,263,263,252,263,264,268,248,36,250,234,242,231,231,239,238,\r\n'b'319,290,290,285,286,263,263,252,263,264,268,249,270,252,236,245,233,231,241,250,\r\n'b'320,290,290,285,287,263,263,252,263,264,268,249,270,252,237,245,233,231,242,250,\r\n'b'319,290,290,285,287,263,263,252,263,264,268,250,271,252,236,245,233,231,242,250,\r\n'b'319,290,290,285,287,263,263,252,263,264,268,250,271,252,237,245,233,231,242,250,\r\n'b'319,290,290,285,287,263,263,252,263,264,268,250,271,252,236,245,233,231,242,250,\r\n'b'319,290,290,285,286,263,263,252,263,264,268,250,271,252,237,245,233,231,242,250,\r\n'b'319,290,290,285,287,263,263,252,263,264,268,250,271,252,236,245,233,231,242,250,\r\n'b'320,290,290,285,287,263,263,252,263,264,268,250,271,252,237,245,233,231,241,250,\r\n'b'320,290,290,285,287,263,263,252,263,264,268,250,271,252,236,245,233,231,242,250,\r\n'b'319,290,290,285,287,263,263,252,263,264,268,250,271,252,237,245,233,231,242,250,\r\n'b'319,290,290,285,286,263,263,252,263,264,268,250,271,252,236,245,233,231,242,250,\r\n'b'320,291,290,285,287,263,263,252,263,264,268,250,271,252,236,245,233,231,242,250,\r\n'b'320,290,290,285,287,263,263,252,263,264,268,250,271,252,236,245,233,231,242,250,\r\n'b'319,290,290,285,287,263,263,252,263,264,268,250,271,252,237,245,233,231,242,250,\r\n'b'319,290,290,285,287,263,263,252,263,264,268,250,271,252,236,245,233,231,241,250,\r\n'b'319,290,290,285,287,263,263,252,263,264,268,250,271,252,237,245,233,231,242,250,\r\n'b'319,290,290,285,287,263,263,252,263,264,268,250,271,252,237,245,233,231,242,250,\r\n'b'319,290,290,285,287,263,263,252,263,264,268,250,271,252,237,245,233,231,242,250,\r\n'b'320,290,290,285,287,264,263,252,263,264,268,250,271,252,237,245,233,231,242,250,\r\n'b'320,290,290,285,287,263,263,252,263,264,268,250,271,252,237,245,233,231,242,250,\r\n'b'320,290,290,285,286,263,263,252,263,264,267,154,272,252,236,244,233,231,235,239,\r\n'b'320,291,290,285,287,263,263,252,263,264,26,239,14,15,236,244,235,226,223,239,\r\n'b'319,290,290,285,287,263,263,252,263,264,60,242,17,19,235,245,235,229,225,245,\r\n'b'320,291,290,285,286,263,263,252,263,264,19,25,269,17,19,180,236,233,231,243,\r\n'b'320,290,290,285,287,264,263,252,263,264,262,245,22,12,15,225,235,233,231,241,\r\n'b'320,290,290,285,287,263,263,252,263,264,30,30,268,14,14,150,235,232,227,238,\r\n'b'319,290,290,285,287,263,263,252,263,264,267,240,269,13,13,154,235,233,234,235,\r\n'b'320,290,290,285,287,263,263,252,263,264,266,149,272,19,16,64,232,232,237,247,\r\n'b'319,290,290,285,287,263,263,252,263,264,267,56,270,251,148,150,235,233,241,248,\r\n'b'319,290,290,285,287,263,263,252,263,264,267,40,17,29,223,239,234,230,236,236,\r\n'b'319,290,290,285,287,263,263,252,263,264,267,139,20,35,230,244,234,230,236,230,\r\n'b'319,290,290,285,287,263,263,252,263,264,267,149,49,250,231,245,235,233,240,242,\r\n'b'319,290,290,285,287,263,263,252,263,264,267,249,273,251,236,244,235,233,242,250,\r\n'b'320,290,290,285,287,263,263,252,263,264,268,249,273,251,236,245,235,233,242,250,\r\n'b'320,290,290,285,287,263,263,252,263,264,268,249,273,252,236,245,235,233,242,250,\r\n'b'320,290,290,285,287,263,263,252,264,264,268,250,274,253,237,244,235,233,242,250,\r\n'
b'320,290,290,285,287,263,263,252,263,264,268,250,274,253,236,244,235,233,242,250,\r\n'
b'320,290,290,285,287,263,263,252,263,264,268,250,274,253,237,244,236,233,242,250,\r\n'
b'320,290,290,285,287,263,263,252,263,264,268,250,274,253,237,244,235,233,242,250,\r\n'
b'320,290,290,285,287,263,263,252,263,264,268,250,274,253,237,244,235,233,242,250,\r\n'
b'320,290,290,285,287,263,263,252,264,264,268,250,274,253,237,244,235,232,242,250,\r\n'
b'320,290,290,285,287,263,263,252,264,264,268,250,275,253,34,16,22,57,235,232,\r\n'
b'320,290,290,285,287,263,263,252,264,264,268,250,274,250,35,244,229,92,49,248,\r\n'
b'320,290,290,285,287,263,263,252,263,264,268,251,274,252,13,13,226,13,22,233,\r\n'
b'320,290,290,285,287,263,263,252,264,264,269,250,274,250,11,10,52,17,234,228,\r\n'
b'320,290,290,285,287,263,263,252,263,264,268,250,274,252,235,239,146,34,237,248,\r\n'
b'319,290,290,285,287,263,263,252,264,264,274,253,273,104,8,7,10,10,9,34,\r\n'
b'319,290,290,285,287,263,263,252,263,264,268,250,274,253,236,11,10,16,14,230,\r\n'
b'319,290,290,285,287,263,263,252,263,264,269,251,274,252,236,244,232,230,240,250,\r\n'
b'319,290,290,285,287,263,263,252,264,264,268,250,274,252,235,244,233,230,240,250,\r\n'
b'320,290,290,285,287,263,264,252,264,264,268,251,274,252,235,244,233,230,240,250,\r\n'
b'319,290,290,285,287,263,264,252,264,264,268,250,274,252,236,244,233,230,241,250,\r\n'
b'320,291,290,285,287,263,263,252,263,264,268,250,274,252,236,244,233,230,241,250,\r\n'
b'319,290,290,285,286,263,263,252,263,264,268,250,274,252,236,244,233,230,241,250,\r\n'
b'320,291,290,285,287,263,263,252,264,264,268,250,274,253,236,244,233,230,241,250,\r\n'
b'320,290,290,285,287,263,263,252,263,264,268,250,274,252,236,244,233,230,241,250,\r\n'
b'320,290,290,285,287,263,263,252,264,264,268,250,274,252,236,244,234,231,241,250,\r\n'
b'319,290,290,285,287,263,263,252,263,264,268,250,274,253,236,244,233,230,241,250,\r\n'
b'320,290,290,285,286,263,263,252,263,264,268,250,274,252,236,244,233,230,241,250,\r\n'
b'320,290,290,285,287,263,264,252,264,264,268,250,274,252,236,244,233,230,241,250,\r\n'
b'320,290,290,285,287,263,263,252,264,264,268,250,274,253,236,244,233,230,241,250,\r\n'
b'319,290,290,285,287,263,263,252,264,264,268,250,274,252,236,244,233,230,241,250,\r\n'
b'320,290,290,285,286,263,263,252,263,264,268,250,274,252,236,244,233,230,241,250,\r\n'
b'320,291,290,285,287,263,263,252,264,264,268,250,274,252,236,244,233,230,241,250,\r\n'
b'320,290,290,285,287,263,263,252,264,264,268,250,274,252,236,244,233,230,241,250,\r\n'
b'320,290,290,285,287,263,263,252,264,264,268,250,274,252,236,244,233,230,241,250,\r\n'
b'320,290,290,285,287,263,263,252,263,264,268,250,274,253,236,244,233,231,241,249,\r\n'
b'320,290,290,285,287,263,263,252,264,264,268,250,274,253,238,246,62,40,238,239,\r\n'
b'319,290,290,285,287,263,263,252,264,264,268,250,274,252,17,29,11,10,45,232,\r\n'
b'320,290,290,285,287,263,263,252,264,264,268,250,274,252,30,243,15,13,42,231,\r\n'
b'320,290,290,285,287,263,263,252,264,264,268,250,274,253,237,245,232,38,155,242,\r\n'
b'320,290,290,285,287,263,264,252,264,264,268,250,274,253,237,246,235,27,42,242,\r\n'
b'320,290,290,285,287,263,264,252,264,265,268,250,274,253,33,12,10,16,38,230,\r\n'
b'319,290,290,285,287,263,263,252,264,264,268,250,274,253,33,11,10,14,39,230,\r\n'
b'319,290,290,285,287,263,263,252,264,264,268,250,274,253,232,16,11,14,41,233,\r\n'
b'319,290,290,285,286,263,263,252,264,264,268,250,274,253,232,15,12,14,41,232,\r\n'
b'320,290,290,285,287,263,263,252,263,264,268,250,274,253,232,15,11,13,41,232,\r\n'
b'319,290,290,285,286,263,263,252,264,262,268,250,274,253,236,239,227,30,60,241,\r\n'
b'319,290,289,284,286,245,10,9,254,253,268,250,274,253,238,246,235,24,61,242,\r\n'
b'319,290,289,284,286,122,8,8,175,252,268,250,274,253,238,246,234,24,62,242,\r\n'
b'319,290,289,284,286,261,9,8,251,252,268,250,274,253,238,246,234,24,63,242,\r\n'
b'319,290,290,285,286,263,263,251,262,257,268,250,274,253,238,246,235,31,65,243,\r\n'
b'319,290,290,285,286,263,263,251,261,243,268,250,274,253,238,246,235,30,64,243,\r\n'
b'319,290,290,285,287,264,263,10,7,8,268,250,274,253,238,246,235,24,63,243,\r\n'
b'319,290,289,285,286,264,263,10,7,8,268,250,274,253,238,246,235,23,63,243,\r\n'
b'319,290,289,285,286,264,263,13,7,7,268,250,274,253,238,246,235,24,66,243,\r\n'
b'315,289,290,285,285,263,264,251,263,263,268,250,274,253,238,246,235,32,85,243,\r\n'
b'315,60,21,41,275,263,261,249,262,258,268,250,274,253,238,246,235,26,81,243,\r\n'
b'310,9,9,275,270,263,261,251,262,259,268,250,274,253,238,246,235,24,88,243,\r\n'
b'190,13,22,282,269,263,263,249,262,262,268,250,274,253,238,246,235,26,106,243,\r\n'
b'311,17,26,283,283,264,264,251,263,262,268,250,274,253,238,246,235,28,130,243,\r\n'
b'313,22,26,283,281,264,263,251,263,255,268,250,274,253,238,246,235,29,170,243,\r\n'
b'81,282,279,283,283,264,262,250,263,253,268,250,274,253,238,246,235,35,169,243,\r\n'
b'283,283,288,284,284,264,262,251,263,257,268,250,274,253,238,246,235,36,174,243,\r\n'
b'27,165,287,284,284,264,261,251,263,255,268,250,274,253,238,246,235,29,237,243,\r\n'
b'27,270,288,285,284,264,261,251,263,258,268,250,274,253,238,246,235,29,170,243,\r\n'
b'27,274,288,284,284,264,261,251,263,258,268,250,274,253,238,246,235,29,151,243,\r\n'
b'314,287,288,284,285,264,262,251,263,262,268,250,274,253,238,246,235,38,154,243,\r\n'
b'317,288,287,285,286,264,262,251,263,262,268,250,274,253,238,246,235,37,175,243,\r\n'
b'36,281,288,284,284,264,262,251,263,260,268,250,274,253,238,246,235,32,151,243,\r\n'
b'35,282,288,284,284,264,262,251,263,258,268,250,274,253,238,246,235,32,237,243,\r\n'
b'316,288,288,284,286,264,262,251,263,262,268,250,274,253,238,246,235,34,100,245,\r\n'
b'316,288,289,284,285,264,262,251,263,263,267,250,274,253,238,246,235,63,198,250,\r\n'
b'319,289,289,284,286,264,263,252,263,264,268,250,273,252,236,245,235,231,240,250,\r\n'
b'319,289,289,284,286,264,263,252,263,263,268,250,274,252,236,244,234,231,240,250,\r\n'
b'319,289,289,284,286,264,263,252,263,263,268,250,274,252,236,244,234,231,240,250,\r\n'
b'319,289,289,284,286,264,263,252,263,264,268,250,274,252,236,244,234,231,240,250,\r\n'
b'319,289,289,284,286,264,263,252,263,263,268,250,274,252,236,244,234,231,240,250,\r\n'
b'319,290,289,284,286,264,263,252,263,264,268,250,274,252,236,244,234,231,240,250,\r\n'
b'319,290,289,284,286,264,263,252,263,264,268,250,274,252,236,244,234,231,240,250,\r\n'
b'319,290,289,284,286,264,263,252,263,264,268,250,274,252,235,244,234,231,240,250,\r\n'
b'319,290,289,284,286,264,263,252,263,264,268,250,274,252,236,244,234,231,240,250,\r\n'
b'319,290,289,284,286,264,263,252,263,264,268,250,274,252,236,244,234,231,240,250,\r\n'
b'319,290,289,284,286,264,263,252,263,264,268,250,274,252,236,244,234,231,240,250,\r\n'
b'319,290,289,284,286,264,263,252,263,264,268,250,274,252,236,244,234,231,240,250,\r\n'
b'319,290,289,284,286,264,264,252,263,263,268,250,274,252,236,244,234,231,240,250,\r\n'
b'319,290,289,284,286,264,264,252,263,263,268,250,274,252,236,244,234,231,240,250,\r\n'
b'319,290,290,284,286,264,264,252,263,264,268,250,274,252,236,245,234,231,240,250,\r\n'
b'319,290,289,284,286,264,263,252,263,264,268,250,274,252,236,244,234,231,240,250,\r\n'
b'319,290,289,284,286,264,264,252,263,264,268,250,274,252,236,244,234,231,240,250,\r\n'
b'319,290,289,284,286,264,263,252,263,264,268,250,274,252,236,244,234,231,240,250,\r\n'
b'319,290,290,284,286,264,263,252,263,264,268,250,274,252,236,244,234,231,240,250,\r\n'
b'319,290,290,284,286,265,263,252,263,264,268,250,274,252,236,244,234,233,241,250,\r\n'
b'320,290,290,284,286,264,264,252,263,264,268,250,274,252,236,244,234,232,241,250,\r\n'
b'319,290,290,284,286,264,264,252,263,264,268,250,274,252,236,244,234,232,241,250,\r\n'
b'320,290,290,284,286,264,264,252,263,264,268,250,274,252,236,244,234,232,241,250,\r\n'
b'320,290,290,284,286,264,264,252,263,264,268,250,274,252,236,244,234,232,241,250,\r\n'
b'319,290,290,284,286,264,263,252,263,264,268,250,274,252,236,244,234,232,241,250,\r\n'
b'319,290,290,284,286,264,263,252,263,264,268,250,274,252,236,244,234,232,240,250,\r\n'
b'319,291,290,284,286,264,264,252,263,264,268,250,274,252,236,244,234,232,241,250,\r\n'
b'319,290,290,284,286,264,264,252,263,264,268,250,274,252,236,244,234,232,241,250,\r\n'
b'320,290,290,284,287,264,264,252,263,264,268,250,274,252,236,244,234,232,241,250,\r\n'
b'319,290,290,284,286,264,264,252,263,264,268,250,274,252,236,244,234,232,241,250,\r\n'
b'320,290,290,284,286,264,264,252,263,264,268,250,274,252,236,244,234,232,241,250,\r\n'
b'320,290,290,284,286,264,264,252,263,264,268,250,274,252,236,244,234,232,241,250,\r\n'
b'319,290,290,284,286,264,264,252,263,264,268,250,274,252,236,244,234,233,241,250,\r\n'
b'319,290,290,284,286,264,264,252,263,264,268,250,274,252,236,244,234,232,241,250,\r\n'
b'319,290,290,284,286,264,263,252,263,264,268,250,274,252,236,244,234,232,241,250,\r\n'
b'319,290,290,284,287,264,263,252,263,264,268,250,274,252,236,244,234,232,241,250,\r\n'
b'319,290,290,284,286,264,263,252,263,264,268,250,274,252,236,244,234,233,241,250,\r\n'
b'319,290,290,284,286,264,264,252,263,264,268,250,274,252,236,244,234,232,241,250,\r\n'
b'319,290,290,284,286,264,264,252,263,264,268,250,274,252,236,244,234,232,241,250,\r\n'
b'319,290,290,284,286,265,264,252,263,264,268,250,274,252,236,244,234,232,241,250,\r\n'
b'319,290,290,284,286,264,264,252,263,264,268,250,274,252,236,244,234,232,241,250,\r\n'
b'320,290,290,284,286,264,264,252,263,264,268,250,274,252,236,244,234,232,241,250,\r\n'
b'319,290,290,284,286,264,263,252,264,264,268,250,274,252,236,244,234,232,241,250,\r\n'
b'319,290,290,284,287,264,264,252,263,264,268,250,274,252,236,244,234,232,241,250,\r\n'
b'319,290,290,284,287,264,263,252,263,264,268,250,274,252,236,244,234,233,241,250,\r\n'
b'320,290,290,284,287,264,264,252,263,264,268,250,274,252,236,244,234,232,241,250,\r\n'
b'319,290,290,284,286,264,264,252,264,264,268,250,274,252,236,244,234,232,241,250,\r\n'
b'320,290,290,284,286,264,264,252,263,264,268,250,273,252,236,244,234,232,241,250,\r\n'
b'319,290,290,284,287,264,264,252,263,264,268,250,274,252,236,244,234,233,241,250,\r\n'
b'319,290,290,284,286,264,263,252,263,264,268,250,274,252,236,244,234,233,241,250,\r\n'
b'319,290,290,284,286,264,263,252,263,264,268,250,274,252,236,244,234,232,241,250,\r\n'
b'319,290,290,284,286,264,263,252,263,264,268,250,274,252,236,244,234,232,241,250,\r\n'
b'319,290,290,284,286,264,263,252,263,264,268,250,274,252,236,244,234,232,241,250,\r\n'
b'319,290,290,284,286,264,264,252,263,264,268,250,274,252,236,244,234,232,241,250,\r\n'
b'319,290,290,284,286,264,263,252,263,264,268,250,273,252,236,244,234,228,240,244,\r\n'
b'319,290,290,284,286,264,263,252,263,264,268,250,274,252,237,245,235,91,175,240,\r\n'
b'319,290,290,284,286,264,263,252,263,264,268,250,274,253,238,246,235,82,138,240,\r\n'
b'319,290,290,284,286,264,263,252,263,264,268,250,274,253,238,246,235,73,84,239,\r\n'
b'319,290,290,284,286,264,264,252,263,264,268,250,274,253,238,245,234,101,100,237,\r\n'
b'319,290,290,284,286,264,263,252,263,264,268,249,272,252,237,244,233,223,231,237,\r\n'
b'319,290,290,284,286,264,263,252,263,264,268,250,274,252,235,244,234,232,241,250,\r\n'
b'319,290,290,284,287,264,264,252,263,264,148,250,267,252,234,245,235,232,238,246,\r\n'
b'319,290,290,284,287,264,263,252,263,264,90,250,268,252,236,246,234,227,235,246,\r\n'
b'320,290,290,284,286,264,263,252,263,264,69,249,270,252,236,246,235,233,238,242,\r\n'
b'319,290,290,284,286,264,263,252,263,264,81,249,267,251,236,245,234,229,228,241,\r\n'
b'319,290,290,284,286,264,264,252,263,264,268,250,274,252,237,246,235,231,235,83,\r\n'
b'319,290,290,284,286,264,264,252,263,264,83,251,272,253,238,247,235,232,235,168,\r\n'
b'320,290,290,284,287,264,264,252,263,264,267,250,271,253,237,245,235,233,237,242,\r\n'
b'319,290,290,284,287,264,264,252,263,264,267,249,271,252,238,243,234,232,235,240,\r\n'
b'319,290,290,284,286,264,264,252,263,264,267,249,271,250,12,10,16,228,227,228,\r\n'
b'319,290,290,284,287,264,263,252,263,264,270,252,270,243,9,8,14,227,225,223,\r\n'
b'319,290,290,284,286,264,264,252,263,264,270,251,269,123,9,8,13,227,224,222,\r\n'
b'319,290,290,284,286,264,263,252,263,264,270,251,269,52,8,7,13,227,224,222,\r\n'
b'320,290,290,284,286,264,264,252,263,264,270,251,268,52,8,7,12,227,224,222,\r\n'
b'319,290,290,284,286,264,263,252,263,264,270,251,268,51,8,7,12,226,224,222,\r\n'
b'319,290,290,284,286,264,264,252,263,264,270,250,268,52,8,7,12,227,224,221,\r\n'
____________________________
b'319,290,290,284,286,264,264,252,263,264,267,249,269,252,237,242,233,232,234,238,\r\n'
b'319,290,290,284,286,264,264,252,263,264,267,249,269,252,237,242,233,232,234,239,\r\n'
b'319,290,290,284,287,264,264,252,263,264,267,249,269,252,237,242,233,232,234,239,\r\n'
b'319,290,290,284,287,264,264,252,263,264,266,248,269,252,237,242,233,232,234,240,\r\n'
b'319,290,290,284,286,264,264,252,263,264,266,248,269,252,237,242,233,232,234,240,\r\n'
b'319,290,290,284,286,264,264,252,263,264,266,249,269,252,237,242,233,232,234,240,\r\n'
b'319,290,290,284,286,264,263,252,263,264,266,248,269,252,237,242,233,232,234,239,\r\n'
b'319,290,290,284,286,264,264,252,263,264,266,248,269,252,237,242,233,232,234,239,\r\n'
b'319,290,290,284,286,264,264,252,263,264,266,248,269,252,237,242,233,232,234,239,\r\n'
b'319,290,290,284,286,264,264,252,263,264,266,248,269,252,237,242,233,232,234,240,\r\n'
b'319,290,290,284,287,264,264,252,263,264,266,248,269,252,237,242,233,232,234,240,\r\n'
b'319,290,290,284,286,264,264,252,263,264,266,248,269,252,237,242,233,232,234,240,\r\n'
b'319,290,290,284,286,264,264,252,263,264,266,248,269,252,237,242,233,232,234,239,\r\n'
b'320,290,290,284,287,264,264,252,263,264,266,248,269,252,237,242,233,232,234,239,\r\n'
b'319,290,290,284,286,264,264,252,263,264,266,248,269,252,237,242,233,232,234,239,\r\n'
b'320,290,290,285,287,264,264,252,263,264,266,248,269,252,237,242,233,232,234,239,\r\n'
b'319,290,290,284,287,264,264,252,263,264,266,248,269,252,237,242,233,232,234,240,\r\n'
____________________________
b'319,290,290,284,287,264,263,252,263,264,266,248,269,252,237,242,233,232,234,240,\r\n'
b'319,290,290,284,286,264,264,252,263,264,268,250,21,12,11,15,222,228,220,192,\r\n'
b'319,290,290,284,287,264,264,252,263,264,268,250,26,12,10,13,190,228,220,182,\r\n'
b'319,290,290,284,286,264,264,252,263,264,268,250,27,12,10,13,190,228,220,176,\r\n'
b'319,290,290,285,286,264,264,252,263,264,268,250,29,12,10,13,207,228,221,174,\r\n'
b'319,290,290,284,286,264,264,252,263,264,268,250,30,12,10,12,168,228,220,173,\r\n'
b'319,290,290,284,286,264,264,252,263,264,268,250,30,12,10,12,158,228,220,172,\r\n'
b'319,290,290,284,286,264,263,252,263,264,268,250,31,12,10,12,146,228,220,171,\r\n'
b'319,290,290,284,286,264,264,252,263,264,268,250,32,12,10,12,141,228,220,170,\r\n'
b'319,290,290,284,286,264,264,252,263,264,265,248,268,252,237,240,231,231,232,232,\r\n'
b'319,290,290,284,286,264,263,252,263,264,268,249,272,251,237,246,235,233,241,250,\r\n'
b'319,290,290,284,286,264,263,252,263,264,268,249,273,251,237,246,235,231,240,247,\r\n'
b'319,290,290,284,286,264,264,252,263,264,268,249,273,252,237,246,235,231,240,247,\r\n'
b'319,290,290,284,286,264,264,252,263,264,268,249,273,252,237,246,235,231,240,247,\r\n'
b'319,290,290,284,286,264,264,252,263,264,268,249,273,252,237,246,235,231,240,247,\r\n'
b'319,290,290,284,287,264,264,252,263,264,268,249,273,252,237,246,235,231,241,247,\r\n'
b'319,290,290,284,286,264,264,252,263,264,268,249,273,252,237,246,235,231,240,248,\r\n'
b'320,290,290,284,286,264,263,252,263,264,268,249,273,252,237,246,235,231,241,247,\r\n'
b'319,290,290,284,286,264,264,252,263,264,268,249,273,252,237,246,235,231,241,248,\r\n'
b'319,290,290,284,286,264,264,252,263,264,268,250,273,252,237,246,236,231,241,247,\r\n'
b'319,290,290,284,286,264,263,252,263,264,268,250,273,252,237,246,235,231,240,248,\r\n'
b'319,290,290,284,286,264,264,252,263,264,268,250,273,252,238,246,235,231,241,247,\r\n'
