s1,s2,s3,s4,s5,s6,s7,s8,s9,s10,s11,s12,s13,s14,s15,s16,s17,s18,s19,s20
222,136,287,281,265,261,259,56,184,94,269,253,269,253,237,237,42,54,230,200
222,138,287,281,265,261,259,57,183,94,269,253,269,252,237,236,41,54,230,200
221,137,287,281,265,261,259,58,183,93,269,253,268,253,237,236,41,53,230,200
221,137,287,281,265,261,259,58,183,94,269,254,269,252,237,236,41,54,230,199
221,137,287,281,265,261,259,58,183,94,270,254,269,252,237,236,41,54,229,200
221,139,287,280,265,261,259,57,182,94,270,254,269,252,237,236,44,54,227,203
221,139,287,280,264,261,258,56,182,95,270,254,269,251,237,236,58,54,225,201
221,139,286,280,264,261,258,57,182,94,270,254,270,252,237,236,60,55,225,201
220,140,287,280,265,261,259,57,182,94,270,254,270,252,237,237,61,56,227,206
219,139,287,281,265,262,259,57,181,94,269,254,270,253,237,237,61,56,229,219
204,154,257,244,268,270,245,242,260,79,268,253,268,251,236,236,183,44,222,199
205,154,258,247,268,270,254,243,260,79,268,253,268,251,237,236,194,44,222,198
204,155,257,247,268,270,255,243,260,79,268,253,269,251,237,236,217,45,222,199
204,154,257,248,268,270,255,243,260,78,268,253,269,251,237,236,220,45,223,199
203,154,257,247,268,270,254,243,260,79,268,253,269,251,237,236,218,45,223,199
203,154,257,246,267,270,252,243,260,79,268,253,268,251,237,235,184,44,223,199
203,153,257,243,268,270,250,242,260,78,268,253,269,251,236,236,165,42,223,199
203,152,256,243,267,270,250,242,260,80,268,253,268,251,237,236,184,44,223,199
203,153,257,243,268,270,250,242,261,80,268,253,268,251,236,236,184,44,222,199
202,152,257,243,268,270,248,241,260,79,268,253,268,251,237,236,187,44,223,199
187,81,280,277,271,259,257,246,261,57,270,254,268,251,235,237,219,44,223,198
186,81,280,278,271,260,257,246,261,58,269,254,269,251,235,237,220,43,222,198
187,82,280,278,271,260,257,246,261,57,270,254,269,251,235,237,220,43,222,198
186,82,280,278,271,260,257,246,261,57,269,254,268,251,235,237,220,44,223,198
186,82,281,278,271,260,258,247,261,57,270,254,268,251,235,237,220,43,223,198
187,82,281,278,271,260,258,247,261,57,270,254,268,251,235,237,220,44,223,197
186,81,281,278,271,260,258,247,261,56,270,254,268,251,235,237,220,44,223,197
189,82,280,278,271,260,258,247,261,57,270,254,268,251,235,237,220,43,223,197
189,81,280,277,271,260,257,246,261,57,270,254,268,252,235,237,221,42,223,198
188,81,280,277,271,260,257,246,261,57,270,254,269,252,235,237,223,43,223,198
195,101,281,259,263,270,196,36,244,215,270,255,270,253,236,237,38,74,226,199
194,101,281,259,263,270,196,35,244,214,271,255,270,253,236,237,38,74,226,199
195,101,280,259,263,270,195,36,243,214,270,255,270,253,236,237,38,74,226,199
195,101,281,259,264,270,196,36,244,215,271,255,270,253,236,237,39,74,226,199
195,101,281,260,264,270,197,36,244,215,270,255,270,253,236,237,39,74,226,199
195,101,281,259,264,270,198,35,244,215,271,255,270,253,236,237,39,74,226,199
194,101,282,260,264,270,199,35,245,216,271,255,270,253,236,237,39,74,226,200
195,101,283,261,264,270,201,36,247,216,270,255,270,253,236,237,39,76,227,200
195,101,283,263,265,270,205,36,246,216,271,255,270,253,236,237,38,75,226,200
195,103,283,265,265,270,209,36,246,216,271,255,270,253,236,237,39,76,227,201
175,155,286,268,263,261,257,42,183,150,270,254,267,251,236,236,58,45,223,192
175,156,286,272,263,261,258,43,182,151,270,254,267,252,236,236,59,45,223,192
175,159,287,278,264,261,258,44,181,151,270,254,267,251,236,236,59,45,224,194
175,162,287,278,264,261,258,45,180,151,270,254,268,252,236,236,61,47,224,195
175,163,287,278,264,261,258,45,180,151,270,254,268,252,236,236,61,46,224,195
175,162,287,278,264,261,258,45,180,151,270,254,268,252,236,236,59,46,224,196
174,162,286,278,264,261,258,44,180,151,270,254,268,251,236,236,58,46,224,195
174,162,287,277,264,261,258,44,180,151,270,254,268,252,236,236,58,46,224,195
174,161,287,277,264,261,258,44,180,150,270,254,268,252,236,236,59,46,224,196
174,161,287,277,264,261,258,44,179,150,270,254,268,252,236,236,60,46,224,196
182,117,283,245,263,259,122,54,258,186,269,254,269,252,236,238,229,49,205,195
182,117,283,246,263,259,123,54,258,186,269,254,269,252,236,238,228,49,205,195
182,118,283,255,264,259,136,54,258,187,269,254,269,252,236,238,228,49,205,196
182,123,283,266,264,260,162,55,258,187,269,254,269,252,236,238,229,50,206,196
182,130,284,272,265,260,174,56,258,187,269,254,269,252,236,238,229,51,206,196
182,136,284,275,265,260,185,55,258,187,269,254,269,252,236,238,229,51,206,196
183,137,284,275,265,260,190,56,258,187,269,254,269,252,236,238,229,52,206,196
182,137,284,276,265,260,193,56,258,188,269,254,269,252,236,238,229,51,206,196
183,139,284,276,265,260,199,56,258,187,269,254,269,252,236,238,229,52,206,197
182,138,284,276,265,260,201,56,258,187,269,254,269,252,236,238,229,51,207,197
