s1,s2,s3,s4,s5,s6,s7,s8,s9,s10,s11,s12,s13,s14,s15,s16,s17,s18,s19,s20
282,201,285,283,270,261,183,65,129,229,265,248,267,248,230,218,44,90,225,204
282,201,285,283,270,260,182,66,129,229,265,248,267,248,230,218,42,90,225,205
282,201,285,283,270,261,183,65,129,229,265,248,267,248,230,217,43,90,225,204
282,201,285,283,270,261,183,66,129,229,265,248,266,247,230,217,43,90,225,204
281,201,285,283,270,261,183,65,129,229,265,248,266,247,230,217,44,90,225,204
281,201,285,283,270,261,182,65,129,229,265,247,267,247,230,217,43,90,225,204
281,201,285,283,270,261,183,65,129,228,265,247,266,248,230,217,43,90,225,204
281,201,285,283,270,261,182,66,129,229,265,247,266,247,230,218,43,89,226,204
282,201,285,283,270,261,182,65,129,229,265,248,266,248,231,221,44,90,227,204
282,200,285,283,271,260,182,65,129,229,265,248,267,248,231,222,43,90,227,204
299,205,276,283,270,261,169,62,133,231,264,247,266,246,232,227,43,123,225,205
299,205,276,283,271,261,169,62,133,231,264,247,266,246,232,227,43,123,225,205
299,204,276,283,271,261,169,63,133,231,264,247,266,246,232,227,43,122,225,205
298,205,276,283,270,260,169,62,133,231,264,247,266,246,232,227,43,122,225,205
299,205,276,283,271,261,168,61,133,230,264,247,266,246,232,227,42,122,225,205
298,205,276,283,271,261,169,62,133,230,264,247,266,246,232,227,43,122,225,205
298,205,276,283,271,261,168,62,133,230,264,247,266,246,232,227,42,122,225,205
299,205,276,283,271,261,168,62,133,231,264,247,266,246,232,228,45,122,225,205
299,204,276,283,271,261,168,61,133,230,264,247,266,246,232,228,43,121,225,205
299,204,276,283,271,261,168,62,133,230,264,247,266,246,232,228,44,121,225,205
59,122,278,269,266,260,97,42,114,242,264,247,264,243,233,237,39,103,225,199
59,121,277,269,266,260,97,43,113,242,265,247,265,243,233,238,40,103,224,199
59,122,277,269,265,260,96,43,113,242,265,247,265,244,233,238,40,103,225,199
58,121,277,269,266,260,96,42,114,242,264,247,264,245,233,238,40,103,226,199
58,120,277,269,266,260,96,42,113,242,265,247,265,245,233,238,40,103,226,200
58,120,277,269,266,260,96,42,113,242,265,247,265,245,233,238,39,103,226,200
58,120,277,269,266,260,96,42,113,242,264,247,265,245,233,238,39,103,225,200
58,120,277,269,266,260,96,43,113,242,264,247,266,244,233,238,39,104,224,200
59,120,277,269,266,260,96,42,113,242,265,247,266,246,233,238,40,105,226,202
58,119,277,269,265,260,96,42,113,242,265,247,266,245,233,238,39,111,225,202
80,91,247,236,267,258,57,35,114,201,266,248,267,249,232,236,37,164,227,200
79,91,247,236,267,258,57,35,114,201,266,248,267,249,232,236,38,164,227,200
80,91,247,236,267,258,57,35,114,201,266,248,267,249,232,236,38,165,227,200
80,91,247,235,267,259,57,35,113,201,267,248,268,250,232,236,38,165,228,201
80,90,247,235,267,258,56,34,113,201,267,248,268,250,233,236,38,165,228,201
79,90,247,235,267,258,57,35,114,201,267,248,268,250,233,236,37,165,228,201
79,90,247,235,267,258,57,35,113,201,267,248,268,250,233,236,37,165,227,201
79,91,247,235,267,258,57,35,114,201,267,248,268,250,232,236,37,165,228,201
79,90,247,235,267,258,57,34,114,201,266,248,268,250,232,236,37,166,227,201
79,90,247,235,267,258,57,35,113,201,267,248,268,250,233,236,37,165,228,201
108,120,279,279,270,258,67,44,144,229,265,247,267,246,231,236,42,76,227,201
107,121,279,280,271,258,67,44,144,229,265,247,267,247,230,235,41,76,228,202
108,121,279,280,270,258,67,44,144,229,266,247,268,247,230,236,41,76,228,203
107,122,279,280,270,258,67,43,144,229,266,248,268,249,232,237,41,76,230,204
107,122,279,279,270,258,67,44,144,229,266,248,268,249,231,236,41,76,228,204
107,122,279,279,270,258,67,43,143,229,266,247,268,249,231,236,41,77,228,204
107,122,280,280,270,258,67,43,144,229,266,247,267,248,231,236,41,76,229,203
106,122,279,279,270,258,67,44,143,229,266,247,268,249,231,236,41,76,229,204
107,122,279,280,270,258,66,43,143,229,266,248,268,250,232,237,41,76,229,204
107,122,279,279,270,258,66,43,143,229,266,247,268,250,231,236,40,76,228,205
79,51,276,274,263,249,242,247,256,235,265,247,266,248,226,233,41,157,225,202
79,50,276,274,263,249,241,247,256,235,265,247,266,248,225,232,41,157,225,202
80,50,276,274,263,249,241,247,255,235,265,247,267,248,225,232,41,157,225,202
80,51,276,274,263,250,241,247,256,235,265,247,267,248,226,232,41,157,225,202
80,51,276,274,263,250,241,247,256,235,265,247,266,248,225,232,41,157,224,202
79,51,276,275,263,250,241,247,255,235,265,247,266,248,225,232,41,157,224,202
79,50,276,274,263,250,241,247,256,235,265,247,266,248,225,232,41,156,224,202
79,50,276,274,263,251,242,247,255,235,265,247,266,248,225,232,40,156,224,202
79,50,276,274,263,250,241,247,255,235,265,247,266,248,226,232,41,156,224,201
79,51,276,274,263,250,240,247,255,235,265,247,266,248,227,233,42,156,225,202
