s1,s2,s3,s4,s5,s6,s7,s8,s9,s10,s11,s12,s13,s14,s15,s16,s17,s18,s19,s20
275,188,277,254,194,261,260,186,121,119,269,249,269,252,236,241,216,72,227,207
274,187,279,255,194,261,260,183,121,119,269,249,270,252,236,241,221,72,227,212
274,187,278,254,193,261,260,182,120,119,269,250,270,252,236,241,221,72,227,210
274,186,278,253,193,261,260,182,121,119,269,249,270,252,236,241,220,71,227,210
274,188,279,249,193,261,259,181,119,119,268,249,271,252,236,241,222,71,225,215
273,188,277,247,193,260,259,184,121,121,256,251,259,251,234,240,228,219,218,215
273,188,278,247,194,261,259,183,121,120,255,250,257,251,233,239,225,189,216,224
273,187,278,248,193,261,260,183,120,120,255,250,255,250,143,174,208,223,216,232
274,188,277,248,193,261,260,183,122,120,257,250,251,251,235,242,231,227,221,236
273,187,277,247,193,261,260,182,121,121,255,250,251,251,234,242,231,228,220,237

297,197,286,263,206,261,260,194,159,111,268,249,268,251,235,241,80,84,225,207
297,196,286,263,206,261,261,194,159,110,268,249,268,251,235,241,80,84,225,207
296,197,286,263,205,261,261,194,159,110,268,249,268,251,235,241,80,84,225,207
297,197,286,263,205,261,261,194,159,110,267,249,268,251,235,240,81,84,225,207
296,198,286,263,205,261,260,193,158,111,268,249,268,251,235,241,80,84,225,207
296,198,286,263,205,261,261,193,157,110,268,249,268,251,235,241,80,84,225,207
296,197,286,263,205,261,260,193,157,110,268,249,268,251,235,240,80,85,225,207
296,197,286,263,205,261,261,193,158,110,267,249,268,251,235,241,80,83,225,207
296,197,286,263,205,261,261,192,157,109,268,249,268,251,235,240,81,83,225,207
296,197,286,263,204,261,261,192,157,110,267,249,268,251,235,241,78,82,225,207

176,253,286,221,206,260,258,73,168,130,268,249,269,251,235,241,211,56,229,215
175,252,286,221,206,260,258,71,168,130,268,249,269,251,235,241,211,57,230,215
175,252,286,221,206,260,258,71,168,129,268,249,269,251,235,241,211,56,230,215
175,252,286,221,205,260,258,71,168,129,268,249,269,251,235,241,211,55,230,214
175,256,286,221,205,259,258,71,167,129,268,249,269,252,235,241,211,57,230,214
175,258,286,221,205,259,258,71,167,128,268,249,270,252,235,241,211,56,229,216
175,258,286,221,205,259,258,70,167,129,268,249,269,251,235,241,211,56,229,214
175,256,286,220,205,260,258,71,167,129,268,249,269,251,235,241,210,56,229,212
175,255,286,220,205,260,258,70,166,128,268,249,269,251,235,241,211,57,229,212
175,256,286,220,205,260,258,71,167,128,268,249,269,251,235,241,210,56,229,213

215,286,288,217,261,260,258,224,258,134,268,249,266,251,235,241,229,73,223,201
215,286,288,216,261,260,258,223,258,133,268,249,266,251,235,241,229,73,223,201
215,285,288,216,261,260,258,222,258,133,268,249,266,251,235,241,229,74,223,202
213,285,288,216,261,260,258,221,258,134,268,249,266,251,235,241,229,71,223,201
214,285,288,216,260,259,258,222,258,134,268,249,266,251,235,241,229,71,223,202
211,285,288,214,260,260,258,225,258,134,268,249,267,251,235,241,229,74,223,202
212,285,288,214,260,260,258,225,258,133,268,249,267,251,235,241,229,72,223,202
212,285,288,214,260,260,257,224,258,133,268,249,267,251,235,241,229,71,223,201
212,285,288,214,260,260,258,223,258,132,268,249,267,251,235,241,229,73,223,201
214,286,288,215,260,260,258,219,258,133,268,249,266,251,235,241,229,72,223,201

313,251,242,282,230,261,260,191,120,155,268,249,269,251,235,240,226,57,227,210
312,250,241,282,229,261,260,190,120,155,268,249,270,251,235,240,225,57,226,209
312,250,241,282,229,261,260,190,118,154,268,249,270,251,235,240,226,57,226,209
312,251,241,282,230,261,260,190,120,155,268,249,269,251,235,240,226,57,226,209
313,251,241,282,230,261,260,191,120,154,268,249,269,251,235,241,226,58,226,210
313,250,241,282,231,261,261,191,120,154,268,249,270,251,235,240,226,58,226,209
313,251,242,282,232,261,260,192,120,152,268,249,269,251,235,241,226,57,227,210
313,250,242,282,232,261,260,192,120,153,268,249,269,251,235,241,226,57,227,209
313,251,242,282,232,261,260,192,120,152,268,249,269,251,235,241,226,57,227,209
313,251,242,282,232,261,260,192,119,152,268,249,269,251,235,240,225,56,226,210

261,185,287,237,147,260,259,221,144,115,268,249,271,252,230,237,129,112,229,229
261,185,286,237,146,260,260,221,144,114,268,249,271,252,231,237,129,111,229,230
260,184,287,238,147,260,260,221,144,114,268,249,271,252,231,237,128,112,229,229
261,183,286,239,147,260,260,221,144,114,268,249,271,252,231,237,129,113,229,230
260,184,286,238,147,260,260,221,143,114,268,249,270,251,231,237,129,111,229,230
260,183,286,238,148,260,260,221,143,114,268,249,271,252,231,237,128,111,230,230
260,183,286,237,147,260,260,221,144,115,268,249,271,252,231,237,127,110,229,229
260,183,286,237,146,260,260,221,143,114,268,249,271,252,231,237,128,110,229,229
260,182,286,237,146,260,260,221,143,114,268,249,271,251,231,237,126,111,229,229
260,183,286,237,146,260,260,222,144,114,268,249,271,252,231,237,125,111,229,229
