s1,s2,s3,s4,s5,s6,s7,s8,s9,s10,s11,s12,s13,s14,s15,s16,s17,s18,s19,s20
46,185,287,282,279,261,259,220,221,181,264,246,266,247,233,238,178,66,235,219
47,181,287,282,279,261,259,220,221,181,264,247,266,247,233,238,177,66,235,219
47,182,287,282,279,261,259,219,220,181,264,247,266,248,233,238,155,65,235,219
46,180,287,282,279,261,259,219,221,182,264,246,265,247,233,237,169,64,235,218
46,178,287,282,279,261,259,218,220,181,264,246,265,247,233,237,174,64,235,218
47,179,287,282,279,261,259,219,220,180,264,246,265,247,233,238,172,64,235,218
46,179,287,282,279,261,259,219,220,181,264,246,266,247,233,238,171,63,235,217
45,180,287,282,279,261,259,220,220,181,264,247,267,249,233,237,173,64,236,218
47,181,287,282,278,261,259,220,220,181,265,247,268,251,234,238,177,64,236,219
46,183,287,282,278,261,259,221,219,180,265,247,268,251,234,237,178,64,236,218

69,118,285,259,272,261,259,41,84,239,263,245,264,242,232,237,62,101,230,215
68,117,285,257,272,261,259,40,84,239,263,245,264,241,231,237,61,101,230,215
68,118,285,257,272,261,259,40,84,239,263,245,263,241,231,237,62,101,230,215
69,117,285,258,272,261,259,40,84,239,263,245,263,242,231,237,62,101,231,215
68,118,286,261,273,261,259,40,84,239,263,245,264,242,232,238,62,101,231,216
68,119,285,262,273,261,259,40,84,239,263,245,264,243,232,238,62,100,232,216
68,120,285,262,273,261,259,40,84,239,263,245,265,243,232,237,63,100,231,216
69,119,285,261,273,261,259,40,84,239,263,245,265,244,232,237,61,100,231,216
69,118,285,257,272,261,259,40,84,239,263,245,265,244,232,237,62,100,231,216
68,118,285,257,271,261,259,40,83,239,263,245,265,243,232,238,62,100,231,216

40,135,285,281,281,271,260,48,161,188,263,245,260,240,231,237,82,83,227,214
40,133,284,281,280,271,260,46,160,187,263,246,264,241,232,238,82,83,228,216
40,131,283,280,280,271,260,46,159,187,263,246,266,244,233,238,83,83,231,218
40,128,281,280,280,271,259,46,158,187,263,246,266,245,233,238,84,83,231,218
40,126,281,280,280,271,260,45,157,186,263,246,266,245,233,238,85,82,230,219
40,126,280,279,280,271,260,45,156,186,263,246,266,245,233,238,84,82,230,218
39,128,281,279,280,271,260,46,155,186,263,246,266,245,233,238,84,82,230,219
40,129,281,277,279,271,259,45,155,186,263,246,266,245,233,238,83,83,230,218
41,129,279,274,279,271,259,45,155,186,263,246,267,245,233,238,83,82,229,218
41,128,279,273,278,271,259,46,155,186,263,246,266,244,233,238,81,82,228,218

106,95,288,282,281,261,257,40,146,254,260,245,247,236,231,231,41,120,212,209
106,95,288,283,281,261,257,40,143,254,260,244,247,236,231,231,41,120,212,208
105,95,288,282,281,261,257,39,144,254,260,244,247,236,230,231,40,120,212,209
105,95,288,282,281,261,257,40,143,254,260,244,247,236,231,231,41,120,212,208
105,95,288,283,281,261,257,40,144,254,260,244,247,236,230,231,40,120,212,208
105,95,288,283,281,261,257,40,144,254,260,244,247,236,230,231,41,120,212,209
105,95,288,283,281,261,257,39,144,254,260,244,247,236,230,231,41,119,213,209
105,94,288,282,281,261,257,41,144,254,261,245,247,236,231,232,42,120,213,209
105,95,288,282,281,261,257,40,144,254,260,244,247,236,231,232,41,119,213,209
105,94,288,282,281,261,257,40,143,254,260,244,247,236,231,232,40,119,212,209

313,285,289,284,279,262,260,174,213,253,266,247,271,252,235,241,222,100,234,236
313,285,289,284,279,262,260,174,213,253,266,247,271,253,235,241,222,102,233,237
313,285,289,284,279,262,260,174,213,253,266,247,272,253,235,241,223,100,234,237
313,285,289,284,279,262,260,173,213,253,266,247,272,253,235,241,222,100,234,236
313,285,289,284,279,262,260,174,212,253,266,247,271,253,235,241,222,100,234,236
313,285,289,284,279,262,260,172,213,253,266,248,271,253,235,241,223,99,234,236
313,285,289,284,279,262,260,174,212,254,266,247,271,253,235,241,222,99,234,236
313,285,289,284,279,262,260,174,212,253,266,247,271,252,235,241,222,99,234,236
313,285,289,284,279,262,260,174,213,253,266,247,271,253,235,241,222,100,233,237
313,284,289,284,279,262,260,173,213,254,266,247,271,253,235,241,222,100,233,236

70,229,286,259,274,262,259,48,88,244,264,247,267,247,234,239,63,108,228,220
70,229,286,260,275,262,259,49,88,243,264,247,267,247,234,239,63,108,228,219
70,230,286,260,274,262,259,47,87,243,264,247,267,246,234,239,65,107,228,219
70,229,286,259,274,262,259,47,87,243,264,247,267,246,234,239,63,108,228,220
69,229,286,259,274,262,259,48,88,244,264,247,267,246,234,239,63,108,228,219
70,229,286,260,274,262,259,49,87,243,264,247,267,246,234,239,62,108,228,219
70,229,286,260,274,262,259,47,87,243,264,247,267,246,234,239,63,108,228,219
70,229,286,259,274,262,259,48,87,244,264,247,267,246,234,239,62,108,228,220
70,229,286,259,274,262,259,48,87,244,264,247,267,246,234,239,63,108,228,220
70,229,286,259,274,262,259,48,87,243,264,247,267,246,234,239,63,108,228,220
