s1,s2,s3,s4,s5,s6,s7,s8,s9,s10,s11,s12,s13,s14,s15,s16,s17,s18,s19,s20
225,104,287,276,273,261,258,231,255,133,268,254,270,254,236,235,208,31,229,218
225,104,287,276,273,261,258,231,255,132,268,255,270,254,236,235,209,31,229,218
225,104,287,276,273,261,258,231,255,132,268,254,270,254,236,235,212,31,229,218
225,104,287,277,273,261,258,231,255,132,268,254,270,254,236,235,214,31,229,218
225,104,287,277,273,261,258,231,255,132,268,254,270,254,236,235,214,33,229,218
225,103,287,277,273,261,258,231,255,132,268,254,270,254,236,235,212,32,229,218
225,104,287,277,273,261,258,231,255,132,268,254,270,254,236,235,211,30,229,218
225,105,287,277,273,261,258,231,255,131,268,254,270,254,236,235,211,31,229,218
225,104,287,277,273,261,258,231,255,131,268,255,270,254,236,235,211,31,229,217
225,103,287,277,273,261,258,231,255,132,268,254,270,254,236,235,211,32,229,218
277,165,287,258,271,261,259,214,209,249,268,254,270,253,235,234,86,70,234,218
277,165,287,258,271,261,259,214,210,249,268,254,269,254,235,234,86,69,234,219
277,164,287,257,271,261,259,213,209,249,268,254,269,253,235,234,87,68,233,218
276,165,287,258,271,261,259,213,209,249,268,254,269,253,235,234,86,69,233,219
276,164,287,258,271,261,259,213,209,249,268,254,269,253,235,234,86,70,233,218
276,165,287,258,271,261,259,213,209,249,268,254,269,254,235,234,86,69,234,219
276,164,287,258,271,261,259,213,209,249,268,254,269,253,235,234,86,68,234,218
277,165,287,258,271,261,259,214,209,249,268,254,269,254,235,234,87,68,233,218
276,164,287,258,271,261,259,213,209,249,268,255,269,254,235,235,86,69,233,218
276,164,287,257,271,261,259,213,209,249,268,255,269,253,235,234,86,68,234,218
265,125,287,215,219,261,257,39,211,231,268,254,270,253,236,236,218,34,229,195
265,124,286,214,219,261,257,39,211,231,268,253,270,253,235,235,217,34,229,194
266,125,286,216,218,261,257,39,211,231,268,254,270,253,236,236,211,34,230,200
267,128,286,217,217,261,257,39,211,231,268,254,270,253,236,235,206,33,230,204
266,128,286,218,217,261,257,39,211,231,268,254,270,253,235,236,207,34,230,202
266,127,286,217,217,261,257,37,211,231,268,254,270,253,236,236,207,35,230,200
266,127,286,216,217,261,257,38,211,231,268,254,270,253,236,236,208,33,230,199
265,126,286,216,217,261,257,39,211,230,268,254,270,253,235,235,210,32,229,198
265,126,286,216,217,261,257,38,211,230,268,253,270,253,235,235,209,33,229,197
265,126,286,216,218,261,257,38,211,231,268,254,270,253,235,235,210,33,230,197
309,202,287,224,231,261,257,36,133,204,268,254,269,254,236,235,60,30,236,219
309,202,287,224,232,261,257,36,132,204,268,254,269,254,236,235,61,30,236,219
309,202,287,224,232,261,257,35,133,203,268,254,269,254,236,235,61,29,236,219
309,202,287,224,231,261,257,37,132,204,268,254,269,254,236,235,60,29,236,219
309,202,287,224,231,261,257,35,132,204,268,254,269,254,235,235,59,30,236,218
309,201,287,223,230,261,257,36,132,203,268,254,269,254,236,235,59,29,236,218
309,201,287,224,230,261,257,35,132,204,268,254,269,254,236,235,59,29,236,218
309,201,287,223,231,261,257,35,133,204,268,254,269,254,236,235,59,29,236,219
309,202,287,223,231,261,257,35,132,203,268,254,269,254,235,235,59,29,236,218
309,202,287,223,230,261,257,35,132,204,268,254,269,254,236,235,59,28,236,218
298,133,286,203,201,261,257,36,163,183,268,254,270,253,235,234,45,43,234,220
297,134,286,203,202,261,257,38,162,183,268,254,270,253,236,234,44,42,234,220
297,134,287,203,202,261,257,37,162,183,268,254,270,253,235,234,45,42,234,220
298,133,286,203,202,261,257,36,162,183,268,254,270,253,235,234,46,43,234,221
298,133,286,203,202,261,257,36,162,183,268,254,270,253,236,234,44,43,234,221
297,133,287,203,202,261,257,36,162,183,268,254,270,253,235,234,44,42,234,220
298,132,287,203,203,261,257,37,162,184,268,254,270,253,236,234,44,43,234,220
300,131,287,204,204,261,257,37,163,184,268,254,270,253,235,234,44,42,234,220
300,132,287,204,203,261,257,37,162,184,268,254,270,253,235,234,43,42,234,220
300,131,286,204,203,261,257,35,162,183,268,254,270,253,235,234,43,42,234,220
175,73,287,281,278,261,257,58,255,76,268,254,270,253,235,235,48,30,233,219
175,73,287,281,278,261,258,57,255,76,268,254,270,253,236,235,48,30,233,219
175,73,287,282,278,261,258,58,255,75,268,254,270,254,236,235,48,31,233,220
175,74,287,282,278,261,258,59,255,76,268,254,270,253,236,235,48,29,233,219
175,73,287,281,278,261,258,60,255,76,268,254,270,253,236,235,47,29,233,220
174,73,287,282,278,261,258,60,255,76,268,254,270,253,236,235,48,29,233,220
174,72,287,282,278,261,258,60,255,76,268,254,270,253,235,235,48,30,233,219
174,73,287,281,278,261,258,59,255,76,268,254,269,253,235,235,47,30,233,219
174,73,287,281,278,261,258,58,255,75,268,254,270,254,236,235,48,29,233,220
173,73,287,281,278,261,258,59,255,76,268,254,270,254,235,235,48,30,233,219
