s1,s2,s3,s4,s5,s6,s7,s8,s9,s10,s11,s12,s13,s14,s15,s16,s17,s18,s19,s20
99,124,281,134,258,259,259,248,259,180,269,255,268,253,236,238,230,151,212,195
98,123,281,134,258,259,259,248,259,180,269,255,268,253,236,238,230,151,212,196
99,124,281,133,258,259,259,248,259,180,269,255,269,253,236,238,230,151,212,196
98,124,281,134,259,259,259,248,259,179,269,255,268,253,236,238,230,151,213,196
99,123,281,134,258,259,259,248,259,179,269,255,269,253,236,238,230,150,212,196
99,123,281,135,259,259,259,248,259,178,269,255,269,253,236,238,230,151,212,196
99,123,281,134,258,259,259,248,259,179,269,255,269,253,236,238,230,151,213,196
99,124,281,134,258,259,259,248,259,179,269,255,269,253,236,238,230,150,212,195
99,123,281,134,258,259,259,248,259,177,269,255,269,253,236,238,230,150,212,196
98,123,281,134,259,259,259,248,259,179,269,255,269,253,236,238,230,150,212,195
134,282,286,165,244,258,205,39,245,167,270,256,269,253,235,238,229,86,209,202
134,283,286,165,245,258,204,38,245,168,270,256,269,253,236,238,229,87,209,203
134,282,286,165,244,259,204,38,246,166,270,256,269,253,236,238,229,87,210,202
133,282,286,164,245,259,205,38,246,167,271,256,269,253,235,238,229,86,209,202
133,282,286,165,245,259,204,38,246,167,270,255,269,253,235,238,229,86,209,202
133,282,286,164,245,259,204,38,246,167,270,256,269,253,235,238,229,87,209,203
133,282,286,164,244,258,204,38,246,167,270,256,269,253,235,237,229,86,209,203
133,282,286,164,245,258,204,35,246,167,270,256,269,253,235,238,229,86,209,202
133,282,286,164,244,258,204,37,246,166,270,255,269,253,235,237,229,85,209,202
132,282,286,164,244,258,205,37,247,167,270,255,269,253,235,237,229,86,209,202
197,286,287,206,235,261,258,40,103,167,271,256,269,254,236,239,228,66,227,209
197,286,287,206,235,261,258,39,103,166,271,256,269,254,237,239,229,67,227,209
197,286,287,206,235,261,258,40,102,166,271,256,269,253,237,239,228,66,227,209
197,286,287,206,234,261,258,40,102,166,271,256,269,253,237,239,229,66,228,209
197,286,287,206,235,261,258,40,101,166,271,256,269,254,236,239,228,66,227,209
197,286,287,206,235,261,258,39,102,166,271,256,269,253,236,238,228,65,227,209
197,286,287,205,234,261,258,40,101,166,271,256,269,253,236,239,228,65,227,209
196,286,287,205,234,261,258,39,101,166,271,256,269,254,236,239,228,67,227,209
197,286,287,205,234,261,258,39,102,165,271,256,269,254,236,239,228,64,227,210
197,286,287,205,234,261,258,38,101,165,271,256,269,254,236,238,228,67,227,209
155,281,286,154,215,259,229,61,256,112,270,255,265,252,234,237,228,100,220,198
155,281,286,153,215,259,230,61,256,112,270,255,265,252,235,237,228,99,221,198
154,281,286,153,215,259,230,63,256,111,270,255,265,252,235,237,229,100,221,197
154,281,286,152,215,259,231,65,256,111,270,255,266,252,235,237,228,100,221,197
153,281,286,152,215,259,236,63,256,113,270,255,265,252,235,237,228,100,221,198
153,281,286,153,215,259,236,64,256,112,270,255,265,252,235,237,228,99,221,197
152,281,286,153,215,259,236,64,256,112,270,255,265,252,235,237,229,98,221,197
153,281,286,153,215,259,238,64,256,112,270,255,266,252,235,236,228,99,221,197
153,281,286,152,215,259,239,63,256,109,270,255,266,252,235,237,228,100,221,197
152,281,286,151,215,259,239,64,256,111,270,255,266,252,235,237,228,98,221,198
74,129,278,248,243,62,45,248,260,92,270,255,266,253,235,236,229,59,173,194
74,129,278,247,243,62,46,248,260,93,270,255,266,253,235,236,229,60,173,193
73,129,277,246,243,62,46,248,260,93,271,255,266,253,235,236,229,60,173,193
74,129,277,246,244,62,46,248,260,93,270,255,266,253,235,236,229,60,173,193
73,129,277,246,244,61,45,247,260,92,270,255,266,253,235,236,228,60,172,193
73,129,277,246,243,61,46,248,260,91,270,255,266,253,235,236,228,60,172,194
73,128,277,245,243,61,45,248,260,92,270,255,265,253,235,236,228,60,172,193
73,127,277,246,244,60,46,248,260,90,270,255,266,253,235,236,229,59,172,194
73,128,276,245,244,60,45,248,260,92,270,255,265,253,236,236,229,59,172,194
73,128,276,245,243,61,45,248,260,92,270,255,265,253,235,236,229,59,172,193
187,285,287,210,131,261,257,33,109,93,270,255,266,252,207,237,229,37,143,191
187,285,287,211,130,260,257,32,109,92,270,255,265,252,207,237,229,38,143,191
189,285,287,210,129,261,257,33,109,92,270,255,265,252,208,237,229,38,143,191
190,285,287,210,130,260,257,34,110,93,270,255,265,252,208,237,229,39,143,191
189,285,287,210,130,260,257,33,110,93,270,255,266,252,208,237,229,38,143,192
188,285,287,210,130,261,257,32,110,93,270,255,266,252,208,237,229,38,143,192
189,285,287,210,129,261,257,33,111,92,270,255,267,252,208,237,229,38,143,192
189,285,287,210,130,261,257,33,111,93,270,255,267,252,208,237,229,37,143,192
189,285,287,210,129,260,257,32,111,92,270,255,266,252,207,237,229,38,143,192
188,285,287,210,129,261,257,33,111,93,270,255,267,252,207,237,229,38,143,192
