s1,s2,s3,s4,s5,s6,s7,s8,s9,s10,s11,s12,s13,s14,s15,s16,s17,s18,s19,s20
88,88,283,191,271,259,55,27,238,210,267,249,268,251,232,133,27,191,229,228
88,89,283,191,271,259,55,26,238,210,267,249,269,251,232,139,27,191,229,228
88,89,283,191,271,259,56,27,238,210,267,249,269,251,232,139,27,191,229,228
88,88,283,191,271,259,55,26,238,210,267,249,269,251,232,137,27,192,229,228
87,88,283,190,271,259,55,26,238,210,267,249,269,251,232,136,27,191,229,228
87,88,283,190,271,259,55,27,238,210,267,249,269,251,232,136,27,191,229,228
87,88,283,190,271,259,55,26,238,210,267,249,269,251,232,136,27,191,229,228
87,88,283,190,271,259,55,26,237,210,267,249,268,251,232,136,26,191,229,228
87,88,283,190,271,259,55,26,238,210,267,249,269,251,232,135,26,191,230,228
87,88,283,190,271,259,54,26,238,210,267,249,269,251,231,134,27,191,230,228
96,136,282,175,271,259,38,34,248,223,267,249,268,251,232,190,31,176,230,227
97,135,282,175,271,258,39,34,249,223,267,249,269,251,232,190,30,176,230,228
96,135,282,175,271,259,38,34,249,223,267,249,268,251,232,189,30,176,230,228
97,135,282,175,271,259,38,34,249,223,267,249,268,251,232,189,30,176,230,228
96,134,282,174,271,259,38,33,249,223,267,248,268,251,232,189,30,176,230,228
96,134,281,174,271,259,38,34,249,223,267,249,269,251,232,187,30,176,230,227
95,132,280,174,271,258,39,34,252,224,267,249,269,251,232,192,31,176,230,227
98,132,280,174,271,259,40,36,253,229,267,249,270,251,233,202,31,175,230,227
109,132,281,174,271,259,39,36,253,228,267,249,270,251,233,202,31,175,230,227
107,132,281,174,271,259,39,35,252,228,267,249,270,251,233,201,30,175,230,227
86,100,283,172,271,259,36,23,236,204,267,248,269,251,233,182,26,136,229,225
86,100,283,172,271,259,37,22,236,204,267,248,268,251,233,182,26,136,228,225
86,100,283,172,271,259,36,22,236,204,266,248,268,251,233,182,26,136,229,225
86,100,283,172,271,259,36,22,235,203,267,248,268,251,233,182,25,136,229,225
85,100,283,172,271,259,37,22,235,203,267,248,268,251,233,182,27,137,229,225
86,100,283,171,271,259,37,22,236,203,266,248,268,251,233,182,25,136,228,225
85,100,283,171,271,259,36,21,235,203,266,248,268,251,233,182,25,136,229,225
85,99,283,171,271,259,37,22,236,203,266,248,268,251,233,181,26,136,229,225
85,99,283,171,271,259,36,22,235,203,266,248,268,251,233,181,25,135,229,225
84,99,283,171,271,259,37,22,235,203,266,248,268,251,233,181,26,135,229,225
134,141,284,192,272,258,30,25,242,170,267,249,271,251,234,239,44,52,226,224
134,140,284,192,272,258,31,24,241,170,267,248,271,251,234,239,44,51,225,224
134,140,285,191,272,258,31,25,242,170,267,249,271,252,234,239,44,51,226,224
134,140,284,191,272,258,31,24,241,169,267,249,271,251,234,239,45,52,226,224
134,140,284,191,272,258,31,24,241,169,267,249,271,252,234,239,43,52,226,223
133,139,284,191,272,258,31,25,241,169,267,249,271,251,234,239,44,51,226,224
133,139,284,190,272,258,31,25,241,169,267,249,271,251,234,239,44,51,226,224
134,140,284,190,272,258,31,24,241,169,267,248,271,251,234,239,44,51,226,224
132,139,285,190,272,258,31,24,241,169,267,248,271,251,234,239,44,51,226,224
135,139,285,194,272,258,31,24,241,168,267,249,270,251,234,239,43,51,226,224
116,65,275,172,271,258,33,24,201,179,267,249,271,252,234,238,40,64,229,226
115,66,275,172,270,258,33,24,200,179,267,249,271,252,234,238,40,63,228,225
114,66,275,172,270,258,33,25,200,179,267,249,271,252,234,239,41,64,228,225
113,65,275,172,270,258,33,25,200,179,267,249,271,252,234,239,40,64,229,225
113,65,275,172,271,258,33,24,200,179,267,249,271,252,234,239,40,63,229,225
112,65,275,172,271,258,33,24,199,179,267,249,271,252,234,239,40,64,228,225
112,65,275,171,270,258,33,24,199,178,267,249,271,252,234,239,40,64,228,225
111,65,275,171,270,258,33,24,199,178,267,249,271,252,234,239,40,63,228,226
111,65,275,171,270,258,33,25,199,178,267,249,271,252,234,239,40,63,228,225
111,65,275,171,271,258,33,24,199,178,267,249,271,252,234,239,40,63,228,226
118,117,283,199,270,260,125,27,223,245,267,249,270,252,233,235,33,96,231,228
118,117,283,198,270,260,126,26,223,245,267,249,270,252,233,235,34,96,231,228
117,117,283,198,270,260,126,26,223,245,267,249,270,251,233,235,34,96,231,228
117,117,283,198,270,260,126,25,223,245,267,249,270,252,233,234,33,96,231,228
117,117,283,198,270,260,126,26,223,245,267,249,270,252,233,234,34,96,231,228
116,116,283,198,270,260,126,27,222,245,267,249,270,251,233,234,33,96,231,228
117,117,283,198,270,260,125,26,222,245,267,249,270,252,233,235,33,95,231,228
117,116,283,198,270,260,125,26,222,245,267,249,270,252,233,235,33,95,231,228
116,116,283,198,270,260,125,26,222,245,267,249,270,252,233,234,34,95,231,228
116,115,283,198,270,260,125,26,222,245,267,249,270,251,233,235,34,95,231,228
212,219,287,278,267,261,222,72,245,242,266,248,256,251,234,237,229,177,226,209
212,219,287,278,267,261,222,73,245,242,265,248,256,251,234,237,229,176,226,209
212,219,287,278,267,261,222,72,245,242,266,248,256,251,234,237,229,176,226,208
212,219,287,278,267,261,222,72,245,243,266,248,255,251,234,237,230,176,226,209
211,219,287,278,267,261,222,72,245,242,265,248,256,251,234,237,229,176,226,209
212,219,287,278,267,261,222,71,245,242,265,248,255,251,234,237,229,176,226,209
211,219,287,278,267,261,222,71,245,242,265,248,255,251,234,237,229,176,226,209
212,219,287,278,267,261,222,72,245,243,265,248,255,251,234,237,229,176,226,209
211,219,287,278,266,261,222,73,245,242,265,248,255,251,234,237,229,176,226,209
211,219,287,278,267,261,222,73,245,242,265,248,255,251,234,237,229,176,226,209
192,183,286,276,266,261,248,67,246,232,264,247,251,250,234,239,229,112,230,214
192,183,286,276,266,261,248,68,246,232,264,247,251,250,234,239,229,113,230,214
192,184,286,276,266,261,248,67,246,232,264,247,251,250,234,239,229,113,230,214
192,184,286,276,266,261,247,67,246,232,264,247,251,250,234,239,229,112,230,215
192,183,286,276,266,261,248,67,246,232,264,247,251,250,234,239,229,112,230,214
192,183,286,276,266,261,247,67,246,232,264,247,251,250,234,239,229,112,230,214
192,183,286,276,266,261,247,67,246,232,264,247,251,250,234,239,229,111,230,214
191,183,285,276,266,261,247,66,246,232,264,247,251,250,234,239,229,111,230,215
191,183,286,276,266,261,247,66,246,232,264,247,251,250,234,239,229,111,230,214
191,183,286,276,266,261,247,67,246,232,264,247,251,250,234,239,229,111,230,214
121,186,262,239,261,261,260,63,242,220,265,248,255,250,233,239,228,157,220,197
121,185,262,239,260,261,259,63,243,221,266,248,255,250,233,239,228,157,220,197
120,185,263,239,261,261,259,62,242,220,265,248,255,250,233,239,228,157,220,197
121,185,263,239,261,261,260,63,243,220,265,248,255,250,233,239,228,156,220,197
121,185,262,239,261,261,260,63,243,220,265,248,255,250,233,239,228,157,220,196
120,185,262,239,261,261,260,63,242,220,265,248,255,250,233,239,228,156,220,197
120,185,262,239,261,261,260,62,242,220,265,248,255,250,233,239,228,156,221,197
120,185,263,239,261,261,260,62,242,220,265,247,255,250,233,239,228,157,220,197
120,184,263,239,261,261,259,66,242,220,265,248,256,250,233,239,228,157,220,196
121,185,263,239,261,261,260,65,242,219,266,248,258,250,233,240,228,159,220,197
195,183,283,258,257,261,260,53,77,217,265,248,247,246,234,240,204,93,225,202
195,184,282,258,257,261,260,52,76,217,265,248,247,246,234,240,203,93,225,202
195,183,282,258,256,261,260,53,76,217,265,248,247,246,234,240,203,93,225,201
195,183,282,258,257,261,260,54,77,217,265,248,247,246,234,240,204,94,225,202
195,183,282,258,256,261,260,53,76,217,265,247,247,246,234,240,203,93,225,201
195,184,282,258,257,261,260,53,80,217,265,248,246,246,234,240,203,93,225,201
195,183,282,258,256,261,260,51,76,217,265,248,246,245,234,240,202,92,225,201
195,183,282,258,256,261,260,53,76,217,265,248,246,246,234,240,203,90,225,201
194,183,282,258,257,261,260,53,76,217,265,247,246,245,234,240,203,92,225,201
194,183,282,258,256,261,260,53,77,217,265,247,246,245,234,240,203,92,225,201
119,169,267,212,251,260,259,244,261,98,264,247,236,250,233,233,228,89,224,200
118,170,268,213,251,260,259,244,260,98,263,247,236,250,233,233,228,90,224,200
117,169,267,212,251,260,259,245,260,99,264,247,236,249,233,233,228,90,224,200
118,168,267,213,251,260,259,245,260,98,264,247,235,250,233,234,228,89,224,200
118,168,267,212,251,260,259,245,261,100,263,247,236,250,233,234,229,90,224,200
117,168,267,212,251,260,259,245,260,99,263,247,235,249,233,234,229,90,224,200
118,169,267,212,251,260,259,244,260,99,263,247,236,250,233,234,229,90,223,200
117,168,267,212,251,260,259,245,260,99,264,247,236,250,233,234,229,90,224,200
117,168,267,212,251,260,259,245,260,100,264,247,236,249,233,233,228,90,224,200
118,168,267,212,251,260,259,245,260,99,263,247,236,249,233,234,229,89,224,200
180,194,285,268,262,261,260,53,75,215,266,248,269,251,234,238,228,119,225,216
180,196,286,269,262,261,260,53,77,214,266,248,268,251,235,237,229,117,225,216
179,196,286,269,262,261,260,52,74,215,266,248,268,251,234,237,229,117,225,216
179,196,285,269,262,261,260,53,77,215,266,248,268,251,234,238,229,116,225,216
179,196,285,268,262,261,260,53,78,215,266,248,268,251,235,238,230,116,224,217
179,196,285,269,262,261,260,54,81,215,266,248,269,251,235,239,229,120,225,217
183,203,286,273,263,261,260,55,76,214,267,248,270,251,234,239,229,126,224,216
182,212,287,275,264,261,259,54,79,215,266,248,270,251,234,238,229,130,225,217
194,278,287,279,265,261,259,57,80,213,259,248,266,251,235,239,229,135,225,215
222,245,287,280,269,261,259,213,248,210,250,248,265,251,234,239,229,213,219,219
282,201,285,283,270,261,183,65,129,229,265,248,267,248,230,218,44,90,225,204
282,201,285,283,270,260,182,66,129,229,265,248,267,248,230,218,42,90,225,205
282,201,285,283,270,261,183,65,129,229,265,248,267,248,230,217,43,90,225,204
282,201,285,283,270,261,183,66,129,229,265,248,266,247,230,217,43,90,225,204
281,201,285,283,270,261,183,65,129,229,265,248,266,247,230,217,44,90,225,204
281,201,285,283,270,261,182,65,129,229,265,247,267,247,230,217,43,90,225,204
281,201,285,283,270,261,183,65,129,228,265,247,266,248,230,217,43,90,225,204
281,201,285,283,270,261,182,66,129,229,265,247,266,247,230,218,43,89,226,204
282,201,285,283,270,261,182,65,129,229,265,248,266,248,231,221,44,90,227,204
282,200,285,283,271,260,182,65,129,229,265,248,267,248,231,222,43,90,227,204
299,205,276,283,270,261,169,62,133,231,264,247,266,246,232,227,43,123,225,205
299,205,276,283,271,261,169,62,133,231,264,247,266,246,232,227,43,123,225,205
299,204,276,283,271,261,169,63,133,231,264,247,266,246,232,227,43,122,225,205
298,205,276,283,270,260,169,62,133,231,264,247,266,246,232,227,43,122,225,205
299,205,276,283,271,261,168,61,133,230,264,247,266,246,232,227,42,122,225,205
298,205,276,283,271,261,169,62,133,230,264,247,266,246,232,227,43,122,225,205
298,205,276,283,271,261,168,62,133,230,264,247,266,246,232,227,42,122,225,205
299,205,276,283,271,261,168,62,133,231,264,247,266,246,232,228,45,122,225,205
299,204,276,283,271,261,168,61,133,230,264,247,266,246,232,228,43,121,225,205
299,204,276,283,271,261,168,62,133,230,264,247,266,246,232,228,44,121,225,205
59,122,278,269,266,260,97,42,114,242,264,247,264,243,233,237,39,103,225,199
59,121,277,269,266,260,97,43,113,242,265,247,265,243,233,238,40,103,224,199
59,122,277,269,265,260,96,43,113,242,265,247,265,244,233,238,40,103,225,199
58,121,277,269,266,260,96,42,114,242,264,247,264,245,233,238,40,103,226,199
58,120,277,269,266,260,96,42,113,242,265,247,265,245,233,238,40,103,226,200
58,120,277,269,266,260,96,42,113,242,265,247,265,245,233,238,39,103,226,200
58,120,277,269,266,260,96,42,113,242,264,247,265,245,233,238,39,103,225,200
58,120,277,269,266,260,96,43,113,242,264,247,266,244,233,238,39,104,224,200
59,120,277,269,266,260,96,42,113,242,265,247,266,246,233,238,40,105,226,202
58,119,277,269,265,260,96,42,113,242,265,247,266,245,233,238,39,111,225,202
80,91,247,236,267,258,57,35,114,201,266,248,267,249,232,236,37,164,227,200
79,91,247,236,267,258,57,35,114,201,266,248,267,249,232,236,38,164,227,200
80,91,247,236,267,258,57,35,114,201,266,248,267,249,232,236,38,165,227,200
80,91,247,235,267,259,57,35,113,201,267,248,268,250,232,236,38,165,228,201
80,90,247,235,267,258,56,34,113,201,267,248,268,250,233,236,38,165,228,201
79,90,247,235,267,258,57,35,114,201,267,248,268,250,233,236,37,165,228,201
79,90,247,235,267,258,57,35,113,201,267,248,268,250,233,236,37,165,227,201
79,91,247,235,267,258,57,35,114,201,267,248,268,250,232,236,37,165,228,201
79,90,247,235,267,258,57,34,114,201,266,248,268,250,232,236,37,166,227,201
79,90,247,235,267,258,57,35,113,201,267,248,268,250,233,236,37,165,228,201
108,120,279,279,270,258,67,44,144,229,265,247,267,246,231,236,42,76,227,201
107,121,279,280,271,258,67,44,144,229,265,247,267,247,230,235,41,76,228,202
108,121,279,280,270,258,67,44,144,229,266,247,268,247,230,236,41,76,228,203
107,122,279,280,270,258,67,43,144,229,266,248,268,249,232,237,41,76,230,204
107,122,279,279,270,258,67,44,144,229,266,248,268,249,231,236,41,76,228,204
107,122,279,279,270,258,67,43,143,229,266,247,268,249,231,236,41,77,228,204
107,122,280,280,270,258,67,43,144,229,266,247,267,248,231,236,41,76,229,203
106,122,279,279,270,258,67,44,143,229,266,247,268,249,231,236,41,76,229,204
107,122,279,280,270,258,66,43,143,229,266,248,268,250,232,237,41,76,229,204
107,122,279,279,270,258,66,43,143,229,266,247,268,250,231,236,40,76,228,205
79,51,276,274,263,249,242,247,256,235,265,247,266,248,226,233,41,157,225,202
79,50,276,274,263,249,241,247,256,235,265,247,266,248,225,232,41,157,225,202
80,50,276,274,263,249,241,247,255,235,265,247,267,248,225,232,41,157,225,202
80,51,276,274,263,250,241,247,256,235,265,247,267,248,226,232,41,157,225,202
80,51,276,274,263,250,241,247,256,235,265,247,266,248,225,232,41,157,224,202
79,51,276,275,263,250,241,247,255,235,265,247,266,248,225,232,41,157,224,202
79,50,276,274,263,250,241,247,256,235,265,247,266,248,225,232,41,156,224,202
79,50,276,274,263,251,242,247,255,235,265,247,266,248,225,232,40,156,224,202
79,50,276,274,263,250,241,247,255,235,265,247,266,248,226,232,41,156,224,201
79,51,276,274,263,250,240,247,255,235,265,247,266,248,227,233,42,156,225,202
275,188,277,254,194,261,260,186,121,119,269,249,269,252,236,241,216,72,227,207
274,187,279,255,194,261,260,183,121,119,269,249,270,252,236,241,221,72,227,212
274,187,278,254,193,261,260,182,120,119,269,250,270,252,236,241,221,72,227,210
274,186,278,253,193,261,260,182,121,119,269,249,270,252,236,241,220,71,227,210
274,188,279,249,193,261,259,181,119,119,268,249,271,252,236,241,222,71,225,215
273,188,277,247,193,260,259,184,121,121,256,251,259,251,234,240,228,219,218,215
273,188,278,247,194,261,259,183,121,120,255,250,257,251,233,239,225,189,216,224
273,187,278,248,193,261,260,183,120,120,255,250,255,250,143,174,208,223,216,232
274,188,277,248,193,261,260,183,122,120,257,250,251,251,235,242,231,227,221,236
273,187,277,247,193,261,260,182,121,121,255,250,251,251,234,242,231,228,220,237
297,197,286,263,206,261,260,194,159,111,268,249,268,251,235,241,80,84,225,207
297,196,286,263,206,261,261,194,159,110,268,249,268,251,235,241,80,84,225,207
296,197,286,263,205,261,261,194,159,110,268,249,268,251,235,241,80,84,225,207
297,197,286,263,205,261,261,194,159,110,267,249,268,251,235,240,81,84,225,207
296,198,286,263,205,261,260,193,158,111,268,249,268,251,235,241,80,84,225,207
296,198,286,263,205,261,261,193,157,110,268,249,268,251,235,241,80,84,225,207
296,197,286,263,205,261,260,193,157,110,268,249,268,251,235,240,80,85,225,207
296,197,286,263,205,261,261,193,158,110,267,249,268,251,235,241,80,83,225,207
296,197,286,263,205,261,261,192,157,109,268,249,268,251,235,240,81,83,225,207
296,197,286,263,204,261,261,192,157,110,267,249,268,251,235,241,78,82,225,207
176,253,286,221,206,260,258,73,168,130,268,249,269,251,235,241,211,56,229,215
175,252,286,221,206,260,258,71,168,130,268,249,269,251,235,241,211,57,230,215
175,252,286,221,206,260,258,71,168,129,268,249,269,251,235,241,211,56,230,215
175,252,286,221,205,260,258,71,168,129,268,249,269,251,235,241,211,55,230,214
175,256,286,221,205,259,258,71,167,129,268,249,269,252,235,241,211,57,230,214
175,258,286,221,205,259,258,71,167,128,268,249,270,252,235,241,211,56,229,216
175,258,286,221,205,259,258,70,167,129,268,249,269,251,235,241,211,56,229,214
175,256,286,220,205,260,258,71,167,129,268,249,269,251,235,241,210,56,229,212
175,255,286,220,205,260,258,70,166,128,268,249,269,251,235,241,211,57,229,212
175,256,286,220,205,260,258,71,167,128,268,249,269,251,235,241,210,56,229,213
215,286,288,217,261,260,258,224,258,134,268,249,266,251,235,241,229,73,223,201
215,286,288,216,261,260,258,223,258,133,268,249,266,251,235,241,229,73,223,201
215,285,288,216,261,260,258,222,258,133,268,249,266,251,235,241,229,74,223,202
213,285,288,216,261,260,258,221,258,134,268,249,266,251,235,241,229,71,223,201
214,285,288,216,260,259,258,222,258,134,268,249,266,251,235,241,229,71,223,202
211,285,288,214,260,260,258,225,258,134,268,249,267,251,235,241,229,74,223,202
212,285,288,214,260,260,258,225,258,133,268,249,267,251,235,241,229,72,223,202
212,285,288,214,260,260,257,224,258,133,268,249,267,251,235,241,229,71,223,201
212,285,288,214,260,260,258,223,258,132,268,249,267,251,235,241,229,73,223,201
214,286,288,215,260,260,258,219,258,133,268,249,266,251,235,241,229,72,223,201
313,251,242,282,230,261,260,191,120,155,268,249,269,251,235,240,226,57,227,210
312,250,241,282,229,261,260,190,120,155,268,249,270,251,235,240,225,57,226,209
312,250,241,282,229,261,260,190,118,154,268,249,270,251,235,240,226,57,226,209
312,251,241,282,230,261,260,190,120,155,268,249,269,251,235,240,226,57,226,209
313,251,241,282,230,261,260,191,120,154,268,249,269,251,235,241,226,58,226,210
313,250,241,282,231,261,261,191,120,154,268,249,270,251,235,240,226,58,226,209
313,251,242,282,232,261,260,192,120,152,268,249,269,251,235,241,226,57,227,210
313,250,242,282,232,261,260,192,120,153,268,249,269,251,235,241,226,57,227,209
313,251,242,282,232,261,260,192,120,152,268,249,269,251,235,241,226,57,227,209
313,251,242,282,232,261,260,192,119,152,268,249,269,251,235,240,225,56,226,210
261,185,287,237,147,260,259,221,144,115,268,249,271,252,230,237,129,112,229,229
261,185,286,237,146,260,260,221,144,114,268,249,271,252,231,237,129,111,229,230
260,184,287,238,147,260,260,221,144,114,268,249,271,252,231,237,128,112,229,229
261,183,286,239,147,260,260,221,144,114,268,249,271,252,231,237,129,113,229,230
260,184,286,238,147,260,260,221,143,114,268,249,270,251,231,237,129,111,229,230
260,183,286,238,148,260,260,221,143,114,268,249,271,252,231,237,128,111,230,230
260,183,286,237,147,260,260,221,144,115,268,249,271,252,231,237,127,110,229,229
260,183,286,237,146,260,260,221,143,114,268,249,271,252,231,237,128,110,229,229
260,182,286,237,146,260,260,221,143,114,268,249,271,251,231,237,126,111,229,229
260,183,286,237,146,260,260,222,144,114,268,249,271,252,231,237,125,111,229,229
27,45,287,282,271,262,258,21,24,63,265,247,269,246,235,242,228,25,199,203
27,44,287,282,271,262,258,20,24,63,265,248,269,246,235,242,228,25,200,203
27,44,287,282,272,262,257,20,24,63,265,248,269,246,234,242,228,25,200,203
27,44,287,282,272,262,256,20,24,63,265,248,269,246,235,242,228,26,199,202
27,44,287,282,272,262,255,21,24,63,265,247,268,246,234,242,228,26,199,202
27,44,287,282,272,262,255,20,24,63,265,248,268,245,234,242,228,25,199,202
27,44,287,282,272,262,255,20,24,63,265,247,268,245,235,242,228,25,199,202
27,44,287,282,272,262,255,20,24,63,264,247,268,245,235,242,228,26,199,202
27,44,287,282,272,262,255,20,24,63,265,248,268,245,234,242,228,26,199,202
27,44,287,282,272,262,255,21,24,63,265,248,268,245,234,242,228,25,199,203
59,117,288,279,266,262,138,25,61,241,266,248,270,252,235,240,27,58,220,213
58,117,288,280,266,261,138,25,60,241,265,248,270,252,235,240,27,58,220,215
58,116,288,280,266,262,137,25,61,241,265,248,270,252,235,240,27,58,220,214
58,116,288,280,266,261,136,25,59,241,265,248,270,252,235,240,27,57,220,213
58,117,288,280,267,262,135,25,60,241,265,248,270,252,235,240,27,57,220,215
58,118,287,280,267,262,135,24,59,241,265,248,270,252,235,240,27,57,220,214
61,124,288,280,267,261,134,24,59,241,265,248,270,252,235,240,27,57,221,216
62,122,288,280,267,262,134,26,58,241,266,248,271,252,235,241,27,57,223,221
61,121,288,280,267,262,133,24,58,242,266,248,271,252,235,241,27,57,222,223
60,115,288,280,267,262,133,24,58,242,266,248,271,252,235,241,27,57,223,225
60,90,288,283,273,262,203,22,33,155,265,248,270,252,235,241,29,57,217,210
60,90,288,282,273,262,203,22,33,155,265,248,270,252,235,240,28,57,217,211
60,90,288,282,273,262,203,22,33,155,265,248,270,252,235,241,28,57,217,211
60,90,288,282,272,262,203,22,33,155,265,248,270,252,235,241,28,57,217,211
60,90,288,282,273,262,204,22,33,155,266,248,270,252,235,241,28,56,217,211
60,90,288,282,272,262,203,22,32,154,266,248,270,252,235,240,28,57,217,210
62,91,288,282,272,262,203,23,33,154,265,248,270,252,235,240,29,57,217,209
61,88,288,283,272,262,205,22,33,155,266,248,270,252,235,241,28,56,218,211
60,97,288,283,279,262,236,23,34,166,266,248,271,252,235,241,29,57,219,220
60,127,288,283,277,262,257,25,34,162,265,248,270,252,235,240,29,57,220,220
39,45,287,282,275,262,88,20,49,176,265,247,268,248,235,241,228,25,212,204
39,45,287,282,275,262,88,20,49,176,265,247,268,248,235,241,228,25,212,203
40,44,287,282,275,262,87,20,49,176,265,247,268,248,235,241,228,25,212,203
39,45,287,282,275,262,87,20,49,176,265,247,268,248,235,241,228,25,212,203
39,44,287,282,275,262,87,20,48,175,265,247,268,248,235,241,228,25,212,203
39,45,287,282,275,262,87,20,48,175,265,247,268,248,235,241,228,25,211,203
39,45,287,282,275,262,87,20,48,175,265,247,268,248,235,241,228,26,212,203
39,44,287,282,275,261,86,20,48,175,265,247,268,248,235,241,228,25,211,203
39,44,287,282,275,262,86,20,48,175,264,247,268,247,235,241,228,25,211,203
39,44,287,282,275,262,86,20,48,175,264,247,267,247,235,241,228,26,211,203
44,51,287,275,267,262,250,25,46,123,264,247,270,251,235,242,94,26,216,213
44,50,287,274,267,262,249,25,46,122,264,247,270,251,235,241,94,26,216,213
43,51,287,275,267,262,249,24,45,123,264,247,270,251,235,242,94,26,216,213
44,50,287,275,267,262,249,25,45,122,264,247,270,251,235,241,94,26,216,213
43,51,287,275,267,262,249,24,45,122,264,247,270,252,235,241,94,26,216,213
43,50,287,275,267,262,249,24,46,122,264,248,270,251,235,241,94,26,216,213
43,50,287,275,267,262,250,24,45,122,264,247,270,251,235,241,94,26,216,213
43,50,287,275,267,262,252,25,45,122,264,247,270,252,235,241,94,25,216,213
43,50,287,274,267,262,254,24,45,121,264,247,270,251,235,241,94,25,216,213
43,50,287,274,267,262,253,24,45,121,264,247,270,251,235,241,94,26,216,213
25,105,289,283,283,259,18,18,227,70,265,248,268,249,235,241,220,23,210,203
24,105,289,283,283,259,19,18,227,70,265,248,268,249,235,241,220,23,210,203
24,105,289,283,283,259,18,18,226,70,265,248,268,249,235,241,220,23,210,203
24,105,289,283,283,259,18,18,226,70,265,248,268,249,235,241,220,23,210,203
25,105,289,283,283,259,18,18,226,69,265,248,268,249,235,241,220,23,210,203
24,105,289,283,283,259,18,18,226,69,265,247,269,249,235,241,221,22,210,203
24,105,289,283,283,259,18,18,226,69,265,247,269,249,235,241,221,22,211,203
24,104,289,283,283,259,18,18,226,69,265,248,268,249,235,241,221,22,210,202
24,104,289,283,283,259,18,18,226,68,265,248,268,249,235,241,220,23,210,203
24,104,289,283,283,259,18,18,226,68,265,248,268,248,235,241,220,22,210,203
46,185,287,282,279,261,259,220,221,181,264,246,266,247,233,238,178,66,235,219
47,181,287,282,279,261,259,220,221,181,264,247,266,247,233,238,177,66,235,219
47,182,287,282,279,261,259,219,220,181,264,247,266,248,233,238,155,65,235,219
46,180,287,282,279,261,259,219,221,182,264,246,265,247,233,237,169,64,235,218
46,178,287,282,279,261,259,218,220,181,264,246,265,247,233,237,174,64,235,218
47,179,287,282,279,261,259,219,220,180,264,246,265,247,233,238,172,64,235,218
46,179,287,282,279,261,259,219,220,181,264,246,266,247,233,238,171,63,235,217
45,180,287,282,279,261,259,220,220,181,264,247,267,249,233,237,173,64,236,218
47,181,287,282,278,261,259,220,220,181,265,247,268,251,234,238,177,64,236,219
46,183,287,282,278,261,259,221,219,180,265,247,268,251,234,237,178,64,236,218
69,118,285,259,272,261,259,41,84,239,263,245,264,242,232,237,62,101,230,215
68,117,285,257,272,261,259,40,84,239,263,245,264,241,231,237,61,101,230,215
68,118,285,257,272,261,259,40,84,239,263,245,263,241,231,237,62,101,230,215
69,117,285,258,272,261,259,40,84,239,263,245,263,242,231,237,62,101,231,215
68,118,286,261,273,261,259,40,84,239,263,245,264,242,232,238,62,101,231,216
68,119,285,262,273,261,259,40,84,239,263,245,264,243,232,238,62,100,232,216
68,120,285,262,273,261,259,40,84,239,263,245,265,243,232,237,63,100,231,216
69,119,285,261,273,261,259,40,84,239,263,245,265,244,232,237,61,100,231,216
69,118,285,257,272,261,259,40,84,239,263,245,265,244,232,237,62,100,231,216
68,118,285,257,271,261,259,40,83,239,263,245,265,243,232,238,62,100,231,216
40,135,285,281,281,271,260,48,161,188,263,245,260,240,231,237,82,83,227,214
40,133,284,281,280,271,260,46,160,187,263,246,264,241,232,238,82,83,228,216
40,131,283,280,280,271,260,46,159,187,263,246,266,244,233,238,83,83,231,218
40,128,281,280,280,271,259,46,158,187,263,246,266,245,233,238,84,83,231,218
40,126,281,280,280,271,260,45,157,186,263,246,266,245,233,238,85,82,230,219
40,126,280,279,280,271,260,45,156,186,263,246,266,245,233,238,84,82,230,218
39,128,281,279,280,271,260,46,155,186,263,246,266,245,233,238,84,82,230,219
40,129,281,277,279,271,259,45,155,186,263,246,266,245,233,238,83,83,230,218
41,129,279,274,279,271,259,45,155,186,263,246,267,245,233,238,83,82,229,218
41,128,279,273,278,271,259,46,155,186,263,246,266,244,233,238,81,82,228,218
106,95,288,282,281,261,257,40,146,254,260,245,247,236,231,231,41,120,212,209
106,95,288,283,281,261,257,40,143,254,260,244,247,236,231,231,41,120,212,208
105,95,288,282,281,261,257,39,144,254,260,244,247,236,230,231,40,120,212,209
105,95,288,282,281,261,257,40,143,254,260,244,247,236,231,231,41,120,212,208
105,95,288,283,281,261,257,40,144,254,260,244,247,236,230,231,40,120,212,208
105,95,288,283,281,261,257,40,144,254,260,244,247,236,230,231,41,120,212,209
105,95,288,283,281,261,257,39,144,254,260,244,247,236,230,231,41,119,213,209
105,94,288,282,281,261,257,41,144,254,261,245,247,236,231,232,42,120,213,209
105,95,288,282,281,261,257,40,144,254,260,244,247,236,231,232,41,119,213,209
105,94,288,282,281,261,257,40,143,254,260,244,247,236,231,232,40,119,212,209
313,285,289,284,279,262,260,174,213,253,266,247,271,252,235,241,222,100,234,236
313,285,289,284,279,262,260,174,213,253,266,247,271,253,235,241,222,102,233,237
313,285,289,284,279,262,260,174,213,253,266,247,272,253,235,241,223,100,234,237
313,285,289,284,279,262,260,173,213,253,266,247,272,253,235,241,222,100,234,236
313,285,289,284,279,262,260,174,212,253,266,247,271,253,235,241,222,100,234,236
313,285,289,284,279,262,260,172,213,253,266,248,271,253,235,241,223,99,234,236
313,285,289,284,279,262,260,174,212,254,266,247,271,253,235,241,222,99,234,236
313,285,289,284,279,262,260,174,212,253,266,247,271,252,235,241,222,99,234,236
313,285,289,284,279,262,260,174,213,253,266,247,271,253,235,241,222,100,233,237
313,284,289,284,279,262,260,173,213,254,266,247,271,253,235,241,222,100,233,236
70,229,286,259,274,262,259,48,88,244,264,247,267,247,234,239,63,108,228,220
70,229,286,260,275,262,259,49,88,243,264,247,267,247,234,239,63,108,228,219
70,230,286,260,274,262,259,47,87,243,264,247,267,246,234,239,65,107,228,219
70,229,286,259,274,262,259,47,87,243,264,247,267,246,234,239,63,108,228,220
69,229,286,259,274,262,259,48,88,244,264,247,267,246,234,239,63,108,228,219
70,229,286,260,274,262,259,49,87,243,264,247,267,246,234,239,62,108,228,219
70,229,286,260,274,262,259,47,87,243,264,247,267,246,234,239,63,108,228,219
70,229,286,259,274,262,259,48,87,244,264,247,267,246,234,239,62,108,228,220
70,229,286,259,274,262,259,48,87,244,264,247,267,246,234,239,63,108,228,220
70,229,286,259,274,262,259,48,87,243,264,247,267,246,234,239,63,108,228,220
