s1,s2,s3,s4,s5,s6,s7,s8,s9,s10,s11,s12,s13,s14,s15,s16,s17,s18,s19,s20
88,88,283,191,271,259,55,27,238,210,267,249,268,251,232,133,27,191,229,228
88,89,283,191,271,259,55,26,238,210,267,249,269,251,232,139,27,191,229,228
88,89,283,191,271,259,56,27,238,210,267,249,269,251,232,139,27,191,229,228
88,88,283,191,271,259,55,26,238,210,267,249,269,251,232,137,27,192,229,228
87,88,283,190,271,259,55,26,238,210,267,249,269,251,232,136,27,191,229,228
87,88,283,190,271,259,55,27,238,210,267,249,269,251,232,136,27,191,229,228
87,88,283,190,271,259,55,26,238,210,267,249,269,251,232,136,27,191,229,228
87,88,283,190,271,259,55,26,237,210,267,249,268,251,232,136,26,191,229,228
87,88,283,190,271,259,55,26,238,210,267,249,269,251,232,135,26,191,230,228
87,88,283,190,271,259,54,26,238,210,267,249,269,251,231,134,27,191,230,228
212,219,287,278,267,261,222,72,245,242,266,248,256,251,234,237,229,177,226,209
212,219,287,278,267,261,222,73,245,242,265,248,256,251,234,237,229,176,226,209
212,219,287,278,267,261,222,72,245,242,266,248,256,251,234,237,229,176,226,208
212,219,287,278,267,261,222,72,245,243,266,248,255,251,234,237,230,176,226,209
211,219,287,278,267,261,222,72,245,242,265,248,256,251,234,237,229,176,226,209
212,219,287,278,267,261,222,71,245,242,265,248,255,251,234,237,229,176,226,209
211,219,287,278,267,261,222,71,245,242,265,248,255,251,234,237,229,176,226,209
212,219,287,278,267,261,222,72,245,243,265,248,255,251,234,237,229,176,226,209
211,219,287,278,266,261,222,73,245,242,265,248,255,251,234,237,229,176,226,209
211,219,287,278,267,261,222,73,245,242,265,248,255,251,234,237,229,176,226,209
282,201,285,283,270,261,183,65,129,229,265,248,267,248,230,218,44,90,225,204
282,201,285,283,270,260,182,66,129,229,265,248,267,248,230,218,42,90,225,205
282,201,285,283,270,261,183,65,129,229,265,248,267,248,230,217,43,90,225,204
282,201,285,283,270,261,183,66,129,229,265,248,266,247,230,217,43,90,225,204
281,201,285,283,270,261,183,65,129,229,265,248,266,247,230,217,44,90,225,204
281,201,285,283,270,261,182,65,129,229,265,247,267,247,230,217,43,90,225,204
281,201,285,283,270,261,183,65,129,228,265,247,266,248,230,217,43,90,225,204
281,201,285,283,270,261,182,66,129,229,265,247,266,247,230,218,43,89,226,204
282,201,285,283,270,261,182,65,129,229,265,248,266,248,231,221,44,90,227,204
282,200,285,283,271,260,182,65,129,229,265,248,267,248,231,222,43,90,227,204
275,188,277,254,194,261,260,186,121,119,269,249,269,252,236,241,216,72,227,207
274,187,279,255,194,261,260,183,121,119,269,249,270,252,236,241,221,72,227,212
274,187,278,254,193,261,260,182,120,119,269,250,270,252,236,241,221,72,227,210
274,186,278,253,193,261,260,182,121,119,269,249,270,252,236,241,220,71,227,210
274,188,279,249,193,261,259,181,119,119,268,249,271,252,236,241,222,71,225,215
273,188,277,247,193,260,259,184,121,121,256,251,259,251,234,240,228,219,218,215
273,188,278,247,194,261,259,183,121,120,255,250,257,251,233,239,225,189,216,224
273,187,278,248,193,261,260,183,120,120,255,250,255,250,143,174,208,223,216,232
274,188,277,248,193,261,260,183,122,120,257,250,251,251,235,242,231,227,221,236
273,187,277,247,193,261,260,182,121,121,255,250,251,251,234,242,231,228,220,237
27,45,287,282,271,262,258,21,24,63,265,247,269,246,235,242,228,25,199,203
27,44,287,282,271,262,258,20,24,63,265,248,269,246,235,242,228,25,200,203
27,44,287,282,272,262,257,20,24,63,265,248,269,246,234,242,228,25,200,203
27,44,287,282,272,262,256,20,24,63,265,248,269,246,235,242,228,26,199,202
27,44,287,282,272,262,255,21,24,63,265,247,268,246,234,242,228,26,199,202
27,44,287,282,272,262,255,20,24,63,265,248,268,245,234,242,228,25,199,202
27,44,287,282,272,262,255,20,24,63,265,247,268,245,235,242,228,25,199,202
27,44,287,282,272,262,255,20,24,63,264,247,268,245,235,242,228,26,199,202
27,44,287,282,272,262,255,20,24,63,265,248,268,245,234,242,228,26,199,202
27,44,287,282,272,262,255,21,24,63,265,248,268,245,234,242,228,25,199,203
46,185,287,282,279,261,259,220,221,181,264,246,266,247,233,238,178,66,235,219
47,181,287,282,279,261,259,220,221,181,264,247,266,247,233,238,177,66,235,219
47,182,287,282,279,261,259,219,220,181,264,247,266,248,233,238,155,65,235,219
46,180,287,282,279,261,259,219,221,182,264,246,265,247,233,237,169,64,235,218
46,178,287,282,279,261,259,218,220,181,264,246,265,247,233,237,174,64,235,218
47,179,287,282,279,261,259,219,220,180,264,246,265,247,233,238,172,64,235,218
46,179,287,282,279,261,259,219,220,181,264,246,266,247,233,238,171,63,235,217
45,180,287,282,279,261,259,220,220,181,264,247,267,249,233,237,173,64,236,218
47,181,287,282,278,261,259,220,220,181,265,247,268,251,234,238,177,64,236,219
46,183,287,282,278,261,259,221,219,180,265,247,268,251,234,237,178,64,236,218
