s1,s2,s3,s4,s5,s6,s7,s8,s9,s10,s11,s12,s13,s14,s15,s16,s17,s18,s19,s20
88,88,283,191,271,259,55,27,238,210,267,249,268,251,232,133,27,191,229,228
88,89,283,191,271,259,55,26,238,210,267,249,269,251,232,139,27,191,229,228
88,89,283,191,271,259,56,27,238,210,267,249,269,251,232,139,27,191,229,228
88,88,283,191,271,259,55,26,238,210,267,249,269,251,232,137,27,192,229,228
87,88,283,190,271,259,55,26,238,210,267,249,269,251,232,136,27,191,229,228
87,88,283,190,271,259,55,27,238,210,267,249,269,251,232,136,27,191,229,228
87,88,283,190,271,259,55,26,238,210,267,249,269,251,232,136,27,191,229,228
87,88,283,190,271,259,55,26,237,210,267,249,268,251,232,136,26,191,229,228
87,88,283,190,271,259,55,26,238,210,267,249,269,251,232,135,26,191,230,228
87,88,283,190,271,259,54,26,238,210,267,249,269,251,231,134,27,191,230,228
96,136,282,175,271,259,38,34,248,223,267,249,268,251,232,190,31,176,230,227
97,135,282,175,271,258,39,34,249,223,267,249,269,251,232,190,30,176,230,228
96,135,282,175,271,259,38,34,249,223,267,249,268,251,232,189,30,176,230,228
97,135,282,175,271,259,38,34,249,223,267,249,268,251,232,189,30,176,230,228
96,134,282,174,271,259,38,33,249,223,267,248,268,251,232,189,30,176,230,228
96,134,281,174,271,259,38,34,249,223,267,249,269,251,232,187,30,176,230,227
95,132,280,174,271,258,39,34,252,224,267,249,269,251,232,192,31,176,230,227
98,132,280,174,271,259,40,36,253,229,267,249,270,251,233,202,31,175,230,227
109,132,281,174,271,259,39,36,253,228,267,249,270,251,233,202,31,175,230,227
107,132,281,174,271,259,39,35,252,228,267,249,270,251,233,201,30,175,230,227
86,100,283,172,271,259,36,23,236,204,267,248,269,251,233,182,26,136,229,225
86,100,283,172,271,259,37,22,236,204,267,248,268,251,233,182,26,136,228,225
86,100,283,172,271,259,36,22,236,204,266,248,268,251,233,182,26,136,229,225
86,100,283,172,271,259,36,22,235,203,267,248,268,251,233,182,25,136,229,225
85,100,283,172,271,259,37,22,235,203,267,248,268,251,233,182,27,137,229,225
86,100,283,171,271,259,37,22,236,203,266,248,268,251,233,182,25,136,228,225
85,100,283,171,271,259,36,21,235,203,266,248,268,251,233,182,25,136,229,225
85,99,283,171,271,259,37,22,236,203,266,248,268,251,233,181,26,136,229,225
85,99,283,171,271,259,36,22,235,203,266,248,268,251,233,181,25,135,229,225
84,99,283,171,271,259,37,22,235,203,266,248,268,251,233,181,26,135,229,225
134,141,284,192,272,258,30,25,242,170,267,249,271,251,234,239,44,52,226,224
134,140,284,192,272,258,31,24,241,170,267,248,271,251,234,239,44,51,225,224
134,140,285,191,272,258,31,25,242,170,267,249,271,252,234,239,44,51,226,224
134,140,284,191,272,258,31,24,241,169,267,249,271,251,234,239,45,52,226,224
134,140,284,191,272,258,31,24,241,169,267,249,271,252,234,239,43,52,226,223
133,139,284,191,272,258,31,25,241,169,267,249,271,251,234,239,44,51,226,224
133,139,284,190,272,258,31,25,241,169,267,249,271,251,234,239,44,51,226,224
134,140,284,190,272,258,31,24,241,169,267,248,271,251,234,239,44,51,226,224
132,139,285,190,272,258,31,24,241,169,267,248,271,251,234,239,44,51,226,224
135,139,285,194,272,258,31,24,241,168,267,249,270,251,234,239,43,51,226,224
116,65,275,172,271,258,33,24,201,179,267,249,271,252,234,238,40,64,229,226
115,66,275,172,270,258,33,24,200,179,267,249,271,252,234,238,40,63,228,225
114,66,275,172,270,258,33,25,200,179,267,249,271,252,234,239,41,64,228,225
113,65,275,172,270,258,33,25,200,179,267,249,271,252,234,239,40,64,229,225
113,65,275,172,271,258,33,24,200,179,267,249,271,252,234,239,40,63,229,225
112,65,275,172,271,258,33,24,199,179,267,249,271,252,234,239,40,64,228,225
112,65,275,171,270,258,33,24,199,178,267,249,271,252,234,239,40,64,228,225
111,65,275,171,270,258,33,24,199,178,267,249,271,252,234,239,40,63,228,226
111,65,275,171,270,258,33,25,199,178,267,249,271,252,234,239,40,63,228,225
111,65,275,171,271,258,33,24,199,178,267,249,271,252,234,239,40,63,228,226
118,117,283,199,270,260,125,27,223,245,267,249,270,252,233,235,33,96,231,228
118,117,283,198,270,260,126,26,223,245,267,249,270,252,233,235,34,96,231,228
117,117,283,198,270,260,126,26,223,245,267,249,270,251,233,235,34,96,231,228
117,117,283,198,270,260,126,25,223,245,267,249,270,252,233,234,33,96,231,228
117,117,283,198,270,260,126,26,223,245,267,249,270,252,233,234,34,96,231,228
116,116,283,198,270,260,126,27,222,245,267,249,270,251,233,234,33,96,231,228
117,117,283,198,270,260,125,26,222,245,267,249,270,252,233,235,33,95,231,228
117,116,283,198,270,260,125,26,222,245,267,249,270,252,233,235,33,95,231,228
116,116,283,198,270,260,125,26,222,245,267,249,270,252,233,234,34,95,231,228
116,115,283,198,270,260,125,26,222,245,267,249,270,251,233,235,34,95,231,228
