s1,s2,s3,s4,s5,s6,s7,s8,s9,s10,s11,s12,s13,s14,s15,s16,s17,s18,s19,s20
302,232,275,280,225,257,260,116,116,119,269,254,269,252,236,236,228,51,214,196
302,232,275,280,226,257,260,116,116,119,269,254,269,252,236,237,228,50,214,196
302,232,275,280,225,257,260,116,115,119,269,254,269,252,236,237,228,50,214,196
303,232,274,280,224,257,260,116,116,119,269,254,269,252,236,237,228,48,214,196
303,232,274,280,224,256,260,116,115,118,269,254,269,252,236,236,227,49,214,196
303,232,274,280,224,256,260,116,114,119,269,254,269,252,236,237,228,50,214,196
303,232,274,280,223,256,260,116,115,119,269,254,269,252,236,236,227,50,214,195
303,231,273,280,221,255,260,116,115,119,269,254,269,252,236,236,227,50,213,196
302,231,274,280,219,254,260,116,115,119,269,254,269,252,236,236,228,50,213,195
303,231,273,280,220,255,260,115,116,120,269,254,269,252,236,237,227,51,214,196
295,194,232,270,211,227,260,233,131,128,270,254,270,252,236,236,198,60,221,195
295,194,232,270,211,227,260,233,131,127,270,254,270,252,236,236,198,62,221,194
295,194,232,270,211,226,260,233,131,128,271,254,270,252,236,236,198,61,221,195
296,194,232,270,211,226,260,233,131,128,270,254,270,252,236,236,198,63,221,194
295,193,231,270,211,226,260,233,132,127,271,254,270,252,235,236,198,62,221,195
296,193,231,270,211,227,260,233,132,129,270,254,270,252,236,236,198,61,221,195
296,193,231,270,211,226,260,233,131,127,271,254,270,252,236,236,198,63,222,195
295,193,231,269,211,226,260,233,131,128,270,254,270,252,236,236,198,61,221,195
295,194,231,270,210,226,260,233,131,127,270,254,270,252,236,236,198,61,221,195
295,193,230,269,211,226,260,233,130,127,271,254,270,252,236,236,199,61,221,194
275,209,220,260,225,268,259,128,113,150,269,254,268,252,234,235,152,64,221,191
275,210,220,260,225,268,260,127,114,150,269,254,268,252,235,235,152,64,221,191
275,210,220,260,225,268,259,128,113,149,269,254,268,252,234,235,152,63,221,191
276,209,220,260,225,268,259,128,113,149,269,254,268,252,234,235,152,64,221,191
275,209,219,260,225,268,259,127,113,150,269,254,268,252,235,235,151,63,221,191
275,210,219,260,225,268,259,127,113,149,269,254,268,252,235,236,152,63,221,191
275,209,219,259,226,268,259,127,112,149,269,254,268,252,234,235,152,63,221,191
275,209,220,260,225,268,259,126,111,149,269,254,268,252,234,235,153,63,221,191
275,209,219,259,226,268,259,127,112,149,269,254,268,252,235,235,152,63,221,191
275,210,219,259,225,268,259,127,112,149,269,254,268,252,235,235,152,63,221,192
174,192,260,267,181,246,260,248,242,134,269,254,271,253,236,237,228,61,224,204
174,192,260,267,181,246,260,248,242,134,269,254,271,252,236,237,227,64,223,201
174,191,260,268,180,245,260,248,239,133,269,254,270,252,236,237,227,62,223,200
173,191,260,268,180,245,260,248,239,133,269,254,270,252,236,237,227,62,223,200
173,192,260,268,181,246,260,248,239,132,269,254,270,252,236,237,228,63,223,201
173,192,259,268,181,246,260,248,239,133,269,254,270,253,236,237,228,63,223,201
172,191,259,267,181,246,260,248,239,133,269,254,270,252,236,237,228,63,223,200
172,191,259,267,180,246,260,248,239,132,269,254,270,253,236,237,228,62,223,201
173,191,260,268,180,245,260,248,237,134,269,254,270,252,236,237,228,63,223,201
173,191,261,268,181,245,260,248,234,133,270,254,270,252,236,237,228,61,223,201
295,201,219,233,217,245,259,152,121,134,269,254,270,252,235,237,228,58,218,198
295,200,219,232,217,245,259,152,121,134,269,254,270,253,235,237,228,56,218,197
295,201,219,232,215,244,259,152,121,134,269,254,270,253,235,237,228,59,219,198
296,201,218,232,213,243,259,152,121,133,269,254,270,253,235,237,228,56,218,198
296,201,218,231,214,243,259,152,121,134,269,254,270,252,235,237,228,59,219,198
296,201,218,231,213,244,259,151,121,133,269,254,270,253,235,237,228,59,219,198
295,201,218,231,214,244,259,152,121,134,269,254,270,252,235,237,228,57,219,199
296,201,218,231,214,244,259,151,120,133,269,254,270,253,235,237,228,57,218,198
296,201,218,231,214,244,259,151,121,133,269,254,270,253,235,237,228,58,218,199
296,201,218,231,214,244,259,152,121,133,269,254,270,252,235,237,228,59,219,198
203,165,223,236,206,269,262,250,261,70,270,254,271,252,151,231,106,56,208,214
202,166,222,234,205,268,262,250,261,70,270,254,271,253,143,230,102,57,208,214
202,166,222,234,204,269,262,249,261,69,270,254,271,253,142,231,99,56,208,214
202,166,222,233,204,269,262,250,261,71,270,254,271,252,138,231,97,57,207,214
202,166,222,233,204,268,262,250,261,69,270,254,271,252,136,231,96,56,208,214
202,166,222,232,204,269,262,250,261,69,270,254,271,253,136,231,96,56,207,215
202,166,221,232,204,269,262,250,261,69,270,254,271,253,135,231,94,57,207,214
202,166,221,231,204,268,262,249,261,70,270,254,271,253,135,231,94,56,207,214
203,165,221,231,203,268,262,250,261,70,270,254,271,253,138,231,93,57,207,215
203,166,221,230,202,268,262,250,261,70,270,254,271,253,137,231,92,56,207,215
