s1,s2,s3,s4,s5,s6,s7,s8,s9,s10,s11,s12,s13,s14,s15,s16,s17,s18,s19,s20
212,219,287,278,267,261,222,72,245,242,266,248,256,251,234,237,229,177,226,209
212,219,287,278,267,261,222,73,245,242,265,248,256,251,234,237,229,176,226,209
212,219,287,278,267,261,222,72,245,242,266,248,256,251,234,237,229,176,226,208
212,219,287,278,267,261,222,72,245,243,266,248,255,251,234,237,230,176,226,209
211,219,287,278,267,261,222,72,245,242,265,248,256,251,234,237,229,176,226,209
212,219,287,278,267,261,222,71,245,242,265,248,255,251,234,237,229,176,226,209
211,219,287,278,267,261,222,71,245,242,265,248,255,251,234,237,229,176,226,209
212,219,287,278,267,261,222,72,245,243,265,248,255,251,234,237,229,176,226,209
211,219,287,278,266,261,222,73,245,242,265,248,255,251,234,237,229,176,226,209
211,219,287,278,267,261,222,73,245,242,265,248,255,251,234,237,229,176,226,209
192,183,286,276,266,261,248,67,246,232,264,247,251,250,234,239,229,112,230,214
192,183,286,276,266,261,248,68,246,232,264,247,251,250,234,239,229,113,230,214
192,184,286,276,266,261,248,67,246,232,264,247,251,250,234,239,229,113,230,214
192,184,286,276,266,261,247,67,246,232,264,247,251,250,234,239,229,112,230,215
192,183,286,276,266,261,248,67,246,232,264,247,251,250,234,239,229,112,230,214
192,183,286,276,266,261,247,67,246,232,264,247,251,250,234,239,229,112,230,214
192,183,286,276,266,261,247,67,246,232,264,247,251,250,234,239,229,111,230,214
191,183,285,276,266,261,247,66,246,232,264,247,251,250,234,239,229,111,230,215
191,183,286,276,266,261,247,66,246,232,264,247,251,250,234,239,229,111,230,214
191,183,286,276,266,261,247,67,246,232,264,247,251,250,234,239,229,111,230,214
121,186,262,239,261,261,260,63,242,220,265,248,255,250,233,239,228,157,220,197
121,185,262,239,260,261,259,63,243,221,266,248,255,250,233,239,228,157,220,197
120,185,263,239,261,261,259,62,242,220,265,248,255,250,233,239,228,157,220,197
121,185,263,239,261,261,260,63,243,220,265,248,255,250,233,239,228,156,220,197
121,185,262,239,261,261,260,63,243,220,265,248,255,250,233,239,228,157,220,196
120,185,262,239,261,261,260,63,242,220,265,248,255,250,233,239,228,156,220,197
120,185,262,239,261,261,260,62,242,220,265,248,255,250,233,239,228,156,221,197
120,185,263,239,261,261,260,62,242,220,265,247,255,250,233,239,228,157,220,197
120,184,263,239,261,261,259,66,242,220,265,248,256,250,233,239,228,157,220,196
121,185,263,239,261,261,260,65,242,219,266,248,258,250,233,240,228,159,220,197
195,183,283,258,257,261,260,53,77,217,265,248,247,246,234,240,204,93,225,202
195,184,282,258,257,261,260,52,76,217,265,248,247,246,234,240,203,93,225,202
195,183,282,258,256,261,260,53,76,217,265,248,247,246,234,240,203,93,225,201
195,183,282,258,257,261,260,54,77,217,265,248,247,246,234,240,204,94,225,202
195,183,282,258,256,261,260,53,76,217,265,247,247,246,234,240,203,93,225,201
195,184,282,258,257,261,260,53,80,217,265,248,246,246,234,240,203,93,225,201
195,183,282,258,256,261,260,51,76,217,265,248,246,245,234,240,202,92,225,201
195,183,282,258,256,261,260,53,76,217,265,248,246,246,234,240,203,90,225,201
194,183,282,258,257,261,260,53,76,217,265,247,246,245,234,240,203,92,225,201
194,183,282,258,256,261,260,53,77,217,265,247,246,245,234,240,203,92,225,201
119,169,267,212,251,260,259,244,261,98,264,247,236,250,233,233,228,89,224,200
118,170,268,213,251,260,259,244,260,98,263,247,236,250,233,233,228,90,224,200
117,169,267,212,251,260,259,245,260,99,264,247,236,249,233,233,228,90,224,200
118,168,267,213,251,260,259,245,260,98,264,247,235,250,233,234,228,89,224,200
118,168,267,212,251,260,259,245,261,100,263,247,236,250,233,234,229,90,224,200
117,168,267,212,251,260,259,245,260,99,263,247,235,249,233,234,229,90,224,200
118,169,267,212,251,260,259,244,260,99,263,247,236,250,233,234,229,90,223,200
117,168,267,212,251,260,259,245,260,99,264,247,236,250,233,234,229,90,224,200
117,168,267,212,251,260,259,245,260,100,264,247,236,249,233,233,228,90,224,200
118,168,267,212,251,260,259,245,260,99,263,247,236,249,233,234,229,89,224,200
180,194,285,268,262,261,260,53,75,215,266,248,269,251,234,238,228,119,225,216
180,196,286,269,262,261,260,53,77,214,266,248,268,251,235,237,229,117,225,216
179,196,286,269,262,261,260,52,74,215,266,248,268,251,234,237,229,117,225,216
179,196,285,269,262,261,260,53,77,215,266,248,268,251,234,238,229,116,225,216
179,196,285,268,262,261,260,53,78,215,266,248,268,251,235,238,230,116,224,217
179,196,285,269,262,261,260,54,81,215,266,248,269,251,235,239,229,120,225,217
183,203,286,273,263,261,260,55,76,214,267,248,270,251,234,239,229,126,224,216
182,212,287,275,264,261,259,54,79,215,266,248,270,251,234,238,229,130,225,217
194,278,287,279,265,261,259,57,80,213,259,248,266,251,235,239,229,135,225,215
222,245,287,280,269,261,259,213,248,210,250,248,265,251,234,239,229,213,219,219
