s1,s2,s3,s4,s5,s6,s7,s8,s9,s10,s11,s12,s13,s14,s15,s16,s17,s18,s19,s20
27,45,287,282,271,262,258,21,24,63,265,247,269,246,235,242,228,25,199,203
27,44,287,282,271,262,258,20,24,63,265,248,269,246,235,242,228,25,200,203
27,44,287,282,272,262,257,20,24,63,265,248,269,246,234,242,228,25,200,203
27,44,287,282,272,262,256,20,24,63,265,248,269,246,235,242,228,26,199,202
27,44,287,282,272,262,255,21,24,63,265,247,268,246,234,242,228,26,199,202
27,44,287,282,272,262,255,20,24,63,265,248,268,245,234,242,228,25,199,202
27,44,287,282,272,262,255,20,24,63,265,247,268,245,235,242,228,25,199,202
27,44,287,282,272,262,255,20,24,63,264,247,268,245,235,242,228,26,199,202
27,44,287,282,272,262,255,20,24,63,265,248,268,245,234,242,228,26,199,202
27,44,287,282,272,262,255,21,24,63,265,248,268,245,234,242,228,25,199,203

59,117,288,279,266,262,138,25,61,241,266,248,270,252,235,240,27,58,220,213
58,117,288,280,266,261,138,25,60,241,265,248,270,252,235,240,27,58,220,215
58,116,288,280,266,262,137,25,61,241,265,248,270,252,235,240,27,58,220,214
58,116,288,280,266,261,136,25,59,241,265,248,270,252,235,240,27,57,220,213
58,117,288,280,267,262,135,25,60,241,265,248,270,252,235,240,27,57,220,215
58,118,287,280,267,262,135,24,59,241,265,248,270,252,235,240,27,57,220,214
61,124,288,280,267,261,134,24,59,241,265,248,270,252,235,240,27,57,221,216
62,122,288,280,267,262,134,26,58,241,266,248,271,252,235,241,27,57,223,221
61,121,288,280,267,262,133,24,58,242,266,248,271,252,235,241,27,57,222,223
60,115,288,280,267,262,133,24,58,242,266,248,271,252,235,241,27,57,223,225

60,90,288,283,273,262,203,22,33,155,265,248,270,252,235,241,29,57,217,210
60,90,288,282,273,262,203,22,33,155,265,248,270,252,235,240,28,57,217,211
60,90,288,282,273,262,203,22,33,155,265,248,270,252,235,241,28,57,217,211
60,90,288,282,272,262,203,22,33,155,265,248,270,252,235,241,28,57,217,211
60,90,288,282,273,262,204,22,33,155,266,248,270,252,235,241,28,56,217,211
60,90,288,282,272,262,203,22,32,154,266,248,270,252,235,240,28,57,217,210
62,91,288,282,272,262,203,23,33,154,265,248,270,252,235,240,29,57,217,209
61,88,288,283,272,262,205,22,33,155,266,248,270,252,235,241,28,56,218,211
60,97,288,283,279,262,236,23,34,166,266,248,271,252,235,241,29,57,219,220
60,127,288,283,277,262,257,25,34,162,265,248,270,252,235,240,29,57,220,220

39,45,287,282,275,262,88,20,49,176,265,247,268,248,235,241,228,25,212,204
39,45,287,282,275,262,88,20,49,176,265,247,268,248,235,241,228,25,212,203
40,44,287,282,275,262,87,20,49,176,265,247,268,248,235,241,228,25,212,203
39,45,287,282,275,262,87,20,49,176,265,247,268,248,235,241,228,25,212,203
39,44,287,282,275,262,87,20,48,175,265,247,268,248,235,241,228,25,212,203
39,45,287,282,275,262,87,20,48,175,265,247,268,248,235,241,228,25,211,203
39,45,287,282,275,262,87,20,48,175,265,247,268,248,235,241,228,26,212,203
39,44,287,282,275,261,86,20,48,175,265,247,268,248,235,241,228,25,211,203
39,44,287,282,275,262,86,20,48,175,264,247,268,247,235,241,228,25,211,203
39,44,287,282,275,262,86,20,48,175,264,247,267,247,235,241,228,26,211,203

44,51,287,275,267,262,250,25,46,123,264,247,270,251,235,242,94,26,216,213
44,50,287,274,267,262,249,25,46,122,264,247,270,251,235,241,94,26,216,213
43,51,287,275,267,262,249,24,45,123,264,247,270,251,235,242,94,26,216,213
44,50,287,275,267,262,249,25,45,122,264,247,270,251,235,241,94,26,216,213
43,51,287,275,267,262,249,24,45,122,264,247,270,252,235,241,94,26,216,213
43,50,287,275,267,262,249,24,46,122,264,248,270,251,235,241,94,26,216,213
43,50,287,275,267,262,250,24,45,122,264,247,270,251,235,241,94,26,216,213
43,50,287,275,267,262,252,25,45,122,264,247,270,252,235,241,94,25,216,213
43,50,287,274,267,262,254,24,45,121,264,247,270,251,235,241,94,25,216,213
43,50,287,274,267,262,253,24,45,121,264,247,270,251,235,241,94,26,216,213

25,105,289,283,283,259,18,18,227,70,265,248,268,249,235,241,220,23,210,203
24,105,289,283,283,259,19,18,227,70,265,248,268,249,235,241,220,23,210,203
24,105,289,283,283,259,18,18,226,70,265,248,268,249,235,241,220,23,210,203
24,105,289,283,283,259,18,18,226,70,265,248,268,249,235,241,220,23,210,203
25,105,289,283,283,259,18,18,226,69,265,248,268,249,235,241,220,23,210,203
24,105,289,283,283,259,18,18,226,69,265,247,269,249,235,241,221,22,210,203
24,105,289,283,283,259,18,18,226,69,265,247,269,249,235,241,221,22,211,203
24,104,289,283,283,259,18,18,226,69,265,248,268,249,235,241,221,22,210,202
24,104,289,283,283,259,18,18,226,68,265,248,268,249,235,241,220,23,210,203
24,104,289,283,283,259,18,18,226,68,265,248,268,248,235,241,220,22,210,203
