s1,s2,s3,s4,s5,s6,s7,s8,s9,s10,s11,s12,s13,s14,s15,s16,s17,s18,s19,s20
75,57,236,236,268,260,235,31,154,235,269,253,267,252,236,146,35,154,234,232
75,56,237,237,268,260,236,31,154,235,269,253,267,252,236,146,36,154,234,231
76,55,237,238,268,260,236,31,154,235,269,253,267,252,236,146,35,154,234,232
75,55,237,237,268,260,236,31,154,235,269,253,267,252,236,146,36,154,234,232
75,55,237,237,268,260,236,32,154,235,269,253,266,252,236,146,36,154,235,232
75,56,237,237,268,260,236,31,154,236,269,253,267,252,236,146,36,154,235,232
75,56,237,238,268,260,236,31,154,235,269,253,267,252,236,146,36,154,235,232
75,55,237,238,268,260,236,31,154,235,269,253,267,252,236,146,37,154,235,232
75,55,237,237,268,260,236,31,154,236,269,253,267,252,236,147,36,154,235,232
75,55,237,237,268,260,236,31,153,235,269,253,267,252,236,146,35,154,235,232
75,81,231,243,276,256,230,245,259,236,230,254,271,249,234,238,231,224,219,220
75,82,231,243,276,256,230,245,259,236,230,254,271,249,234,238,231,224,219,220
75,81,230,243,276,255,230,245,259,235,230,254,271,249,234,239,231,224,219,220
75,80,230,243,275,256,230,245,259,235,230,254,271,249,234,239,231,224,219,221
75,81,230,243,276,256,231,245,259,235,230,254,271,249,234,238,231,224,219,220
74,81,230,243,276,256,230,245,259,236,230,254,271,249,234,238,231,224,218,220
73,81,230,243,276,256,229,245,259,236,230,254,271,249,234,238,231,224,219,220
73,81,230,243,275,255,229,245,259,235,230,254,271,249,234,239,231,224,219,220
74,81,230,243,276,255,230,245,259,235,230,254,271,249,234,238,231,224,219,220
75,80,230,243,275,255,230,245,259,235,231,254,271,249,234,239,231,224,219,220
118,67,222,208,275,260,258,247,258,143,268,253,267,251,235,237,222,42,208,200
120,67,227,218,277,259,258,247,258,144,268,253,267,251,235,237,222,43,208,201
120,67,226,217,277,259,258,247,258,144,268,254,268,252,236,237,222,43,208,201
119,66,226,216,276,259,258,247,258,143,268,253,267,252,235,237,222,43,208,201
120,67,226,216,276,259,258,247,258,143,268,253,268,252,235,237,222,43,208,202
119,67,225,215,276,259,258,247,258,143,268,253,268,251,235,237,222,43,208,201
119,66,224,215,275,259,258,247,257,143,268,253,267,251,235,237,222,43,208,201
119,66,224,223,275,259,257,247,257,143,268,254,268,252,235,237,222,43,208,201
119,67,224,225,275,259,257,246,257,143,268,253,267,251,235,237,222,43,208,201
118,67,225,223,275,259,258,247,257,142,268,254,268,251,235,237,222,43,208,201
111,67,217,150,272,257,256,247,257,157,265,254,270,251,233,238,229,222,215,209
111,66,217,151,272,257,256,246,257,155,265,254,271,251,233,238,229,222,215,209
111,67,218,151,272,258,256,247,257,155,265,254,271,251,233,238,229,223,215,208
111,66,217,151,272,258,256,246,257,155,265,254,270,251,233,238,229,222,215,208
111,66,218,151,272,258,256,247,257,155,265,254,271,251,233,238,229,223,215,208
110,66,218,151,272,258,256,246,257,156,265,254,270,251,233,238,230,222,215,208
109,67,219,153,272,258,256,246,257,156,265,254,271,251,233,238,230,222,215,208
110,67,219,153,273,258,256,246,257,155,265,254,270,251,233,238,230,222,215,208
110,67,220,154,273,258,256,246,257,155,265,254,270,251,233,238,229,222,215,208
109,66,221,155,273,258,256,247,257,155,265,254,270,251,233,238,230,222,215,208
71,110,268,185,253,272,261,41,85,187,269,254,266,252,236,234,226,42,218,197
71,110,268,185,253,272,261,40,85,187,269,254,266,252,236,234,226,42,218,196
70,109,268,185,253,272,261,41,84,187,269,254,267,252,236,234,226,42,218,197
71,110,268,185,253,272,261,40,85,187,269,254,267,252,236,234,227,41,218,197
70,110,268,185,253,272,261,40,84,187,269,254,267,252,236,234,226,41,218,197
71,110,268,185,253,272,261,40,84,187,269,254,267,252,236,234,227,42,219,197
70,109,268,184,253,272,261,41,84,187,269,254,267,253,236,234,227,41,218,197
71,109,268,184,253,272,261,40,84,187,269,254,267,252,236,234,227,41,219,197
70,110,268,184,253,272,260,41,84,187,269,254,267,252,236,234,226,42,218,197
69,109,268,184,253,272,261,40,84,187,269,254,267,252,236,234,226,42,219,197
47,147,281,195,267,261,258,32,92,222,266,253,271,252,235,238,228,29,195,203
47,147,281,194,267,261,258,32,92,222,266,253,270,252,235,238,228,29,195,202
47,147,281,194,267,261,258,31,91,222,266,253,271,252,235,238,228,30,195,202
47,147,281,194,268,261,258,31,92,222,266,253,270,252,235,238,228,29,195,202
47,147,281,194,267,261,258,31,92,222,266,253,270,252,235,238,228,29,195,202
47,147,281,194,268,261,258,31,91,222,266,253,271,252,235,238,228,30,195,202
47,147,281,194,267,261,258,32,91,222,266,253,271,252,235,238,228,29,194,202
47,147,281,193,268,261,258,31,91,222,266,253,270,252,235,238,228,30,195,202
47,147,281,193,267,261,258,31,91,222,266,253,271,252,235,238,228,29,194,202
47,147,281,194,267,261,258,31,91,222,266,253,270,252,235,238,228,29,194,203
